New run
2.459807276226635
2.459649681207578
2.459591837400527
2.459570516759421
2.459562630298966
2.459559704252280
2.459558615774777
2.459558209939109
2.459558058320804
2.459558001576594
2.459557980306308
2.459557972322072
2.459557969321271
2.459557968192173
2.459557967766905
2.459557967606596
New run
2.598342562313360
2.598338155204446
2.598336648651022
2.598336132220260
2.598335954769914
2.598335893668816
2.598335872591246
2.598335865308373
2.598335862788278
2.598335861915104
2.598335861612208
2.598335861507028
2.598335861470473
