New run
2.019168052629919
2.020780746403179
2.021549114364242
2.021918753632961
2.022097793461846
2.022184952376596
2.022227548382086
2.022248431391929
2.022258696415061
2.022263753607061
2.022266250058580
2.022267484612255
2.022268096114035
2.022268399452478
2.022268550130498
2.022268625072147
New run
2.094912476884105
2.095054259685763
2.095119904906354
2.095150417337658
2.095164644785645
2.095171296490067
2.095174413474330
2.095175877037191
2.095176565482114
2.095176889846101
2.095177042898406
2.095177115215201
2.095177149427862
