New run
1.000000000000000
1.100000000000000
1.200000000000000
1.300000000000000
1.400000000000000
1.500000000000000
1.600000000000000
1.700000000000000
1.800000000000000
1.900000000000000
2.000000000000000
2.100000000000000
2.200000000000000
2.300000000000000
2.400000000000000
2.500000000000000
New run
1.300000000000000
1.400000000000000
1.500000000000000
1.600000000000000
1.700000000000000
1.800000000000000
1.900000000000000
2.000000000000000
2.100000000000000
2.200000000000000
2.300000000000000
2.400000000000000
2.500000000000000
