["Port 1","LEFT"]
["Port 2","LEFT"]
["Port 3","RIGHT"]
["Port 4","RIGHT"]
("Port 1","mode 1",1,"Port 1",1,"transmission")
(22, 3)
2.2011193685756241e+14 5.7721521019211269e-03 2.4430970722598064e+00
2.2106966597785303e+14 1.1014170576070440e-02 2.8637438526467105e+00
2.2202739509814366e+14 8.1755300928612155e-03 3.3266793241327304e+00
2.2298512421843428e+14 6.0980794038748595e-04 5.1632226369027965e+00
2.2394285333872491e+14 5.5396982702870610e-03 7.1848392384126996e+00
2.2490058245901553e+14 4.3654232049316387e-03 7.6893018823643819e+00
2.2585831157930616e+14 3.0566371831702383e-04 4.5840826784808648e+00
2.2681604069959678e+14 2.1453172054797082e-03 5.5340320994522081e+00
2.2777376981988741e+14 1.2727262535057839e-03 8.4192583946478106e+00
2.2873149894017803e+14 5.2270652337636650e-03 9.3257304742233078e+00
2.2918744246397328e+14 1.8409773780799913e-03 1.0438990999455280e+01
2.2923328453667334e+14 1.4279831649237176e-03 1.0339571857662724e+01
2.2968922806046862e+14 4.9462039118853612e-03 9.9570866112938976e+00
2.3064695718075925e+14 1.4641327376032783e-03 1.1784274581487121e+01
2.3160468630104988e+14 4.4787516284903132e-03 1.3605213403583534e+01
2.3256241542134050e+14 4.2958417814533663e-03 1.4324531180178454e+01
2.3352014454163112e+14 8.1790726157361670e-04 1.5500184878796587e+01
2.3447787366192175e+14 2.3503234969147651e-03 1.8534958879802378e+01
2.3543560278221238e+14 2.0605070437087506e-03 1.9756239430064205e+01
2.3639333190250300e+14 2.9245874758302903e-03 2.1897185051271183e+01
2.3735106102279362e+14 4.5789843903664461e-03 2.2992183901583907e+01
2.3830879014308425e+14 3.5133710524013892e-03 2.4203111173744965e+01
("Port 1","mode 1",1,"Port 2",1,"transmission")
(22, 3)
2.2011193685756241e+14 7.3274399856219973e-04 2.5964071558229200e+00
2.2106966597785303e+14 7.3034583241122445e-04 2.1970323809338712e+00
2.2202739509814366e+14 7.9073789367120075e-04 1.2049573453547207e+00
2.2298512421843428e+14 9.5891541287336653e-04 7.5195449670926684e-01
2.2394285333872491e+14 6.6720980774204023e-04 1.5381662768235535e-02
2.2490058245901553e+14 9.0459852105217629e-04 -1.0769286140624545e+00
2.2585831157930616e+14 9.0193046389335559e-04 -1.8188387189316597e+00
2.2681604069959678e+14 1.2744280405009283e-03 -3.0606451532830734e+00
2.2777376981988741e+14 1.9534912669671280e-03 -3.5991391708534057e+00
2.2873149894017803e+14 1.9423219902464854e-03 -4.2109096328786428e+00
2.2918744246397328e+14 2.4901194682985508e-03 -1.4948818079435915e+00
2.2923328453667334e+14 2.5255940506048440e-03 -1.2380536599514447e+00
2.2968922806046862e+14 2.4203683831224647e-03 1.3564100748798718e+00
2.3064695718075925e+14 2.7861820240244130e-03 9.7403838760981110e-01
2.3160468630104988e+14 2.3787042082841279e-03 4.7234844070972726e-01
2.3256241542134050e+14 2.3506530667602461e-03 -2.5795362327655691e-01
2.3352014454163112e+14 2.2204474849411840e-03 -8.0664063872606473e-01
2.3447787366192175e+14 1.6357739637727158e-03 -1.6903848048239243e+00
2.3543560278221238e+14 2.0232903618928552e-03 -2.6996306541555843e+00
2.3639333190250300e+14 2.2987777958884742e-03 -3.4248260413341636e+00
2.3735106102279362e+14 2.8385817672962280e-03 -4.2270835557236728e+00
2.3830879014308425e+14 3.6683518904429848e-03 -4.7638310436782891e+00
("Port 1","mode 1",1,"Port 3",1,"transmission")
(22, 3)
2.2011193685756241e+14 9.6114678038983960e-03 -6.6664756290251281e-01
2.2106966597785303e+14 3.1878681790380309e-02 -3.5470895684236392e-01
2.2202739509814366e+14 7.1791563616205173e-02 -3.0413941944986553e+00
2.2298512421843428e+14 1.1041839957868825e-01 -5.7379561052040753e+00
2.2394285333872491e+14 1.4810747610872607e-01 -8.4374926586537526e+00
2.2490058245901553e+14 1.8495121101131087e-01 -1.1140205712128509e+01
2.2585831157930616e+14 2.2067477005270281e-01 -1.3845946829133295e+01
2.2681604069959678e+14 2.5493207865694295e-01 -1.6553324639259181e+01
2.2777376981988741e+14 2.8755521186109773e-01 -1.9260834749949797e+01
2.2873149894017803e+14 3.1866492967536825e-01 -2.1967753432824122e+01
2.2918744246397328e+14 3.3300824312969490e-01 -2.0264980411169347e+01
2.2923328453667334e+14 3.3443489588167874e-01 -2.0093771960454184e+01
2.2968922806046862e+14 3.4847198362475246e-01 -1.8390901124566991e+01
2.3064695718075925e+14 3.7707882108529056e-01 -2.1097077644338388e+01
2.3160468630104988e+14 4.0447372241495183e-01 -2.3803258049218872e+01
2.3256241542134050e+14 4.3061040684504381e-01 -2.6509349717020157e+01
2.3352014454163112e+14 4.5551421371810430e-01 -2.9215159808494718e+01
2.3447787366192175e+14 4.7926402802290663e-01 -3.1920512318841407e+01
2.3543560278221238e+14 5.0200618370135219e-01 -3.4625367316576089e+01
2.3639333190250300e+14 5.2387012451024528e-01 -3.7329809170020646e+01
2.3735106102279362e+14 5.4494392291036420e-01 -4.0033959314721699e+01
2.3830879014308425e+14 5.6532106650056213e-01 -4.2737997127735412e+01
("Port 1","mode 1",1,"Port 4",1,"transmission")
(22, 3)
2.2011193685756241e+14 9.9655526808890182e-01 -2.3282781010350262e+00
2.2106966597785303e+14 9.9637000340091819e-01 -5.0327500069136200e+00
2.2202739509814366e+14 9.9474974470376953e-01 -7.7377759900057708e+00
2.2298512421843428e+14 9.9148259438627440e-01 -1.0443231385114915e+01
2.2394285333872491e+14 9.8668196096538818e-01 -1.3148822684248199e+01
2.2490058245901553e+14 9.8067255024052591e-01 -1.5854474643874719e+01
2.2585831157930616e+14 9.7365110845429748e-01 -1.8560349995818569e+01
2.2681604069959678e+14 9.6557214125848523e-01 -2.1266586512572623e+01
2.2777376981988741e+14 9.5627722348329325e-01 -2.3973081689131874e+01
2.2873149894017803e+14 9.4578661821065058e-01 -2.6679480152143505e+01
2.2918744246397328e+14 9.4045737840426658e-01 -2.4976554834409932e+01
2.2923328453667334e+14 9.3991292521792069e-01 -2.4805330985460774e+01
2.2968922806046862e+14 9.3442468258719258e-01 -2.3102282267399161e+01
2.3064695718075925e+14 9.2262230318283345e-01 -2.5807835184239899e+01
2.3160468630104988e+14 9.1062774692833892e-01 -2.8513145285338755e+01
2.3256241542134050e+14 8.9849288446408471e-01 -3.1218431519226819e+01
2.3352014454163112e+14 8.8615896128592986e-01 -3.3923795881515844e+01
2.3447787366192175e+14 8.7356332156541372e-01 -3.6629249481652600e+01
2.3543560278221238e+14 8.6068813654841803e-01 -3.9334741895806317e+01
2.3639333190250300e+14 8.4750352959365716e-01 -4.2040203007003228e+01
2.3735106102279362e+14 8.3403711687033777e-01 -4.4745514784931089e+01
2.3830879014308425e+14 8.2038275382618486e-01 -4.7450601590328795e+01
("Port 2","mode 1",1,"Port 1",1,"transmission")
(22, 3)
2.2011193685756241e+14 7.3274262296604831e-04 2.5964300695110025e+00
2.2106966597785303e+14 7.3026397532924422e-04 2.1970839991385942e+00
2.2202739509814366e+14 7.9070515504203374e-04 1.2050981762933557e+00
2.2298512421843428e+14 9.5894991710467157e-04 7.5199794193404434e-01
2.2394285333872491e+14 6.6725271309202652e-04 1.5365195773701008e-02
2.2490058245901553e+14 9.0459549715301039e-04 -1.0770044374417300e+00
2.2585831157930616e+14 9.0187401844472599e-04 -1.8189416791806421e+00
2.2681604069959678e+14 1.2743911824010835e-03 -3.0606996105280824e+00
2.2777376981988741e+14 1.9534674728723905e-03 -3.5991309849570814e+00
2.2873149894017803e+14 1.9423279895433526e-03 -4.2109137027487922e+00
2.2918744246397328e+14 2.4901778867760412e-03 -1.4948884560514757e+00
2.2923328453667334e+14 2.5256536936853662e-03 -1.2380622114294699e+00
2.2968922806046862e+14 2.4203825818765469e-03 1.3564005635649676e+00
2.3064695718075925e+14 2.7863001888534054e-03 9.7401891090297965e-01
2.3160468630104988e+14 2.3787598372807220e-03 4.7236552274933280e-01
2.3256241542134050e+14 2.3506733776608303e-03 -2.5792020683963773e-01
2.3352014454163112e+14 2.2204660236779840e-03 -8.0659562644375538e-01
2.3447787366192175e+14 1.6357932534649378e-03 -1.6903375260849447e+00
2.3543560278221238e+14 2.0233087364184806e-03 -2.6996135308210860e+00
2.3639333190250300e+14 2.2988311181325210e-03 -3.4248398000068843e+00
2.3735106102279362e+14 2.8386578563054836e-03 -4.2270804658301095e+00
2.3830879014308425e+14 3.6684158539227450e-03 -4.7638640738613764e+00
("Port 2","mode 1",1,"Port 2",1,"transmission")
(22, 3)
2.2011193685756241e+14 5.7721766736000034e-03 2.4430905915395269e+00
2.2106966597785303e+14 1.1014116460623670e-02 2.8637454063640395e+00
2.2202739509814366e+14 8.1753911659266220e-03 3.3266794619226583e+00
2.2298512421843428e+14 6.0962711270305507e-04 5.1633558317639867e+00
2.2394285333872491e+14 5.5398564444143622e-03 7.1848306311407297e+00
2.2490058245901553e+14 4.3655471220902442e-03 7.6893215610494954e+00
2.2585831157930616e+14 3.0564091548158120e-04 4.5844080856163210e+00
2.2681604069959678e+14 2.1452597879256172e-03 5.5339571159392902e+00
2.2777376981988741e+14 1.2726367837968767e-03 8.4192771402329321e+00
2.2873149894017803e+14 5.2268758654720185e-03 9.3257237992199045e+00
2.2918744246397328e+14 1.8408196054962135e-03 1.0439040176513817e+01
2.2923328453667334e+14 1.4278143733659088e-03 1.0339618610901322e+01
2.2968922806046862e+14 4.9460818508664066e-03 9.9570753199813300e+00
2.3064695718075925e+14 1.4640582665568856e-03 1.1784388503365074e+01
2.3160468630104988e+14 4.4788432995810671e-03 1.3605241651394985e+01
2.3256241542134050e+14 4.2959382151152034e-03 1.4324500140707844e+01
2.3352014454163112e+14 8.1799857896284653e-04 1.5499962025424935e+01
2.3447787366192175e+14 2.3502509963777510e-03 1.8534981286907708e+01
2.3543560278221238e+14 2.0606009089254107e-03 1.9756223641054895e+01
2.3639333190250300e+14 2.9246508403257443e-03 2.1897129406128915e+01
2.3735106102279362e+14 4.5789377116659995e-03 2.2992197525946466e+01
2.3830879014308425e+14 3.5133277590735337e-03 2.4203075691228257e+01
("Port 2","mode 1",1,"Port 3",1,"transmission")
(22, 3)
2.2011193685756241e+14 9.9655528368107649e-01 -2.3282782033998601e+00
2.2106966597785303e+14 9.9637024013168807e-01 -5.0327501121573519e+00
2.2202739509814366e+14 9.9474990836644195e-01 -7.7377760062089482e+00
2.2298512421843428e+14 9.9148278350053420e-01 -1.0443231329421687e+01
2.2394285333872491e+14 9.8668204477708421e-01 -1.3148822569591568e+01
2.2490058245901553e+14 9.8067243274482818e-01 -1.5854474482135961e+01
2.2585831157930616e+14 9.7365102850569374e-01 -1.8560350009779356e+01
2.2681604069959678e+14 9.6557202365281447e-01 -2.1266586448356051e+01
2.2777376981988741e+14 9.5627723641652318e-01 -2.3973081691392903e+01
2.2873149894017803e+14 9.4578655368238529e-01 -2.6679480195649855e+01
2.2918744246397328e+14 9.4045749845732629e-01 -2.4976554887306527e+01
2.2923328453667334e+14 9.3991305423981064e-01 -2.4805331005694335e+01
2.2968922806046862e+14 9.3442457965114045e-01 -2.3102282119882656e+01
2.3064695718075925e+14 9.2262222313770048e-01 -2.5807835167599688e+01
2.3160468630104988e+14 9.1062760932034748e-01 -2.8513145230295617e+01
2.3256241542134050e+14 8.9849302874518255e-01 -3.1218431206185041e+01
2.3352014454163112e+14 8.8615890528226493e-01 -3.3923795515198670e+01
2.3447787366192175e+14 8.7356316565873859e-01 -3.6629249424242680e+01
2.3543560278221238e+14 8.6068819021339582e-01 -3.9334741913547084e+01
2.3639333190250300e+14 8.4750367455040909e-01 -4.2040202901399049e+01
2.3735106102279362e+14 8.3403723026781540e-01 -4.4745514849749945e+01
2.3830879014308425e+14 8.2038279658589952e-01 -4.7450601690915434e+01
("Port 2","mode 1",1,"Port 4",1,"transmission")
(22, 3)
2.2011193685756241e+14 9.6113743668515082e-03 -6.6663720974211804e-01
2.2106966597785303e+14 3.1878707083573481e-02 -3.5470959740705743e-01
2.2202739509814366e+14 7.1791469219160145e-02 -3.0413943965575059e+00
2.2298512421843428e+14 1.1041832959560317e-01 -5.7379565947031868e+00
2.2394285333872491e+14 1.4810747813363964e-01 -8.4374927126514603e+00
2.2490058245901553e+14 1.8495116691034566e-01 -1.1140205950001937e+01
2.2585831157930616e+14 2.2067469341519091e-01 -1.3845947693047167e+01
2.2681604069959678e+14 2.5493215294464816e-01 -1.6553325454529315e+01
2.2777376981988741e+14 2.8755523200875499e-01 -1.9260835006941672e+01
2.2873149894017803e+14 3.1866501123135432e-01 -2.1967753804627971e+01
2.2918744246397328e+14 3.3300830114547753e-01 -2.0264980627963112e+01
2.2923328453667334e+14 3.3443495080912000e-01 -2.0093772187495873e+01
2.2968922806046862e+14 3.4847207549327630e-01 -1.8390901336657976e+01
2.3064695718075925e+14 3.7707883098660810e-01 -2.1097078109561892e+01
2.3160468630104988e+14 4.0447408522202977e-01 -2.3803258186876445e+01
2.3256241542134050e+14 4.3061035314009921e-01 -2.6509349384969990e+01
2.3352014454163112e+14 4.5551421962590055e-01 -2.9215160489853432e+01
2.3447787366192175e+14 4.7926445830617581e-01 -3.1920512404597332e+01
2.3543560278221238e+14 5.0200636201923476e-01 -3.4625367219412240e+01
2.3639333190250300e+14 5.2387042908647463e-01 -3.7329809240458303e+01
2.3735106102279362e+14 5.4494404985296474e-01 -4.0033958800505744e+01
2.3830879014308425e+14 5.6532110542011582e-01 -4.2737997034286693e+01
("Port 3","mode 1",1,"Port 1",1,"transmission")
(22, 3)
2.2011193685756241e+14 9.6086920679828280e-03 -6.6615210271842640e-01
2.2106966597785303e+14 3.1876060143745957e-02 -3.5488989050612096e-01
2.2202739509814366e+14 7.1785864719774703e-02 -3.0414643437209898e+00
2.2298512421843428e+14 1.1041561139526845e-01 -5.7379711642911175e+00
2.2394285333872491e+14 1.4810503532647704e-01 -8.4374875000609713e+00
2.2490058245901553e+14 1.8495094483872271e-01 -1.1140220556199546e+01
2.2585831157930616e+14 2.2067569646581836e-01 -1.3845944545739066e+01
2.2681604069959678e+14 2.5492936388973325e-01 -1.6553326617316579e+01
2.2777376981988741e+14 2.8755620893810868e-01 -1.9260833915874464e+01
2.2873149894017803e+14 3.1866311589717422e-01 -2.1967745801141419e+01
2.2918744246397328e+14 3.3300570825781728e-01 -2.0264979104155199e+01
2.2923328453667334e+14 3.3443238036943612e-01 -2.0093771355721337e+01
2.2968922806046862e+14 3.4847063662986799e-01 -1.8390905000154071e+01
2.3064695718075925e+14 3.7707664720558920e-01 -2.1097077546722211e+01
2.3160468630104988e+14 4.0446769659240595e-01 -2.3803269788916911e+01
2.3256241542134050e+14 4.3060358667803467e-01 -2.6509362530754355e+01
2.3352014454163112e+14 4.5550405706281122e-01 -2.9215180607030220e+01
2.3447787366192175e+14 4.7925487946437129e-01 -3.1920549356065628e+01
2.3543560278221238e+14 5.0199057420256132e-01 -3.4625416949771719e+01
2.3639333190250300e+14 5.2385012890604221e-01 -3.7329881944207848e+01
2.3735106102279362e+14 5.4491709081299600e-01 -4.0034049225264518e+01
2.3830879014308425e+14 5.6528087950346384e-01 -4.2738106189439222e+01
("Port 3","mode 1",1,"Port 2",1,"transmission")
(22, 3)
2.2011193685756241e+14 9.9650963838514983e-01 -2.3283484920808446e+00
2.2106966597785303e+14 9.9633432468278560e-01 -5.0327993906191235e+00
2.2202739509814366e+14 9.9472552922791746e-01 -7.7378091816777426e+00
2.2298512421843428e+14 9.9146851589139484e-01 -1.0443254433524238e+01
2.2394285333872491e+14 9.8667361829534317e-01 -1.3148837645358258e+01
2.2490058245901553e+14 9.8066771855639356e-01 -1.5854483908188366e+01
2.2585831157930616e+14 9.7364761794288757e-01 -1.8560353636151813e+01
2.2681604069959678e+14 9.6556992569587630e-01 -2.1266586143539378e+01
2.2777376981988741e+14 9.5627619513792073e-01 -2.3973078814938081e+01
2.2873149894017803e+14 9.4578420093369975e-01 -2.6679478449309308e+01
2.2918744246397328e+14 9.4045490524310016e-01 -2.4976552996653140e+01
2.2923328453667334e+14 9.3991030878302750e-01 -2.4805329150664932e+01
2.2968922806046862e+14 9.3442036899692471e-01 -2.3102281141247012e+01
2.3064695718075925e+14 9.2261470866737894e-01 -2.5807837934611079e+01
2.3160468630104988e+14 9.1061777813612388e-01 -2.8513153390220758e+01
2.3256241542134050e+14 8.9847804840031786e-01 -3.1218446471194277e+01
2.3352014454163112e+14 8.8614260014381196e-01 -3.3923823530697710e+01
2.3447787366192175e+14 8.7353942777996341e-01 -3.6629290316989540e+01
2.3543560278221238e+14 8.6065364988565130e-01 -3.9334796506773223e+01
2.3639333190250300e+14 8.4746396766688348e-01 -4.2040269410736691e+01
2.3735106102279362e+14 8.3399047641324564e-01 -4.4745596057905892e+01
2.3830879014308425e+14 8.2032846820710681e-01 -4.7450699506207449e+01
("Port 3","mode 1",1,"Port 3",1,"transmission")
(22, 3)
2.2011193685756241e+14 5.7828161413415154e-03 2.4404679603140171e+00
2.2106966597785303e+14 1.1016875542292326e-02 2.8624605325725314e+00
2.2202739509814366e+14 8.1725800974066752e-03 3.3252868272298799e+00
2.2298512421843428e+14 6.0296509110691467e-04 5.1737764656063465e+00
2.2394285333872491e+14 5.5463021928884981e-03 7.1853171789761419e+00
2.2490058245901553e+14 4.3710721113499138e-03 7.6888154710348999e+00
2.2585831157930616e+14 3.0208157848977317e-04 4.5931032123952091e+00
2.2681604069959678e+14 2.1462221328784697e-03 5.5357001795979652e+00
2.2777376981988741e+14 1.2716441933687290e-03 8.4155100594619192e+00
2.2873149894017803e+14 5.2228869292275182e-03 9.3256459381092629e+00
2.2918744246397328e+14 1.8373203635577838e-03 1.0438679327702511e+01
2.2923328453667334e+14 1.4249698376510086e-03 1.0338928189538660e+01
2.2968922806046862e+14 4.9416010731394792e-03 9.9572173798657815e+00
2.3064695718075925e+14 1.4653812465048198e-03 1.1787202971347302e+01
2.3160468630104988e+14 4.4832004047847965e-03 1.3604760544257969e+01
2.3256241542134050e+14 4.3002357335627742e-03 1.4324121201343955e+01
2.3352014454163112e+14 8.1549932238265043e-04 1.5493876024706466e+01
2.3447787366192175e+14 2.3507704055656933e-03 1.8537686937889319e+01
2.3543560278221238e+14 2.0645106464177625e-03 1.9758844996546308e+01
2.3639333190250300e+14 2.9263100178919541e-03 2.1893995052535875e+01
2.3735106102279362e+14 4.5690719727566713e-03 2.2990256858891112e+01
2.3830879014308425e+14 3.4983176771063505e-03 2.4204750356652603e+01
("Port 3","mode 1",1,"Port 4",1,"transmission")
(22, 3)
2.2011193685756241e+14 7.3757412308641992e-04 2.5907094795885204e+00
2.2106966597785303e+14 7.3579393759324587e-04 2.1956135134356751e+00
2.2202739509814366e+14 7.9375832953597000e-04 1.2099262538599895e+00
2.2298512421843428e+14 9.5917745309522092e-04 7.5601344870672715e-01
2.2394285333872491e+14 6.6512820615555180e-04 1.8402450396025442e-02
2.2490058245901553e+14 9.0248110096525027e-04 -1.0776469177960066e+00
2.2585831157930616e+14 9.0091432011163333e-04 -1.8205335117943342e+00
2.2681604069959678e+14 1.2755204869359014e-03 -3.0618583042262091e+00
2.2777376981988741e+14 1.9554740211650823e-03 -3.5994967138326386e+00
2.2873149894017803e+14 1.9443175950904603e-03 -4.2105203271045557e+00
2.2918744246397328e+14 2.4916179454660898e-03 -1.4943100568238268e+00
2.2923328453667334e+14 2.5270266265543309e-03 -1.2374578378302545e+00
2.2968922806046862e+14 2.4210929061824482e-03 1.3572406223811173e+00
2.3064695718075925e+14 2.7858242268022342e-03 9.7481166702541455e-01
2.3160468630104988e+14 2.3770678522424963e-03 4.7311995273322660e-01
2.3256241542134050e+14 2.3479869455584486e-03 -2.5786492421806984e-01
2.3352014454163112e+14 2.2179988173913999e-03 -8.0734729871996480e-01
2.3447787366192175e+14 1.6359726154373650e-03 -1.6926253027632414e+00
2.3543560278221238e+14 2.0276424608178583e-03 -2.7007057328121520e+00
2.3639333190250300e+14 2.3040462680756699e-03 -3.4238918086380021e+00
2.3735106102279362e+14 2.8394229079119386e-03 -4.2247067354855314e+00
2.3830879014308425e+14 3.6644693098719515e-03 -4.7622753597241800e+00
("Port 4","mode 1",1,"Port 1",1,"transmission")
(22, 3)
2.2011193685756241e+14 9.9650982787414655e-01 -2.3283485066554119e+00
2.2106966597785303e+14 9.9633451036605558e-01 -5.0327994523538431e+00
2.2202739509814366e+14 9.9472566766636261e-01 -7.7378092375467782e+00
2.2298512421843428e+14 9.9146861841211842e-01 -1.0443254443270744e+01
2.2394285333872491e+14 9.8667371283161132e-01 -1.3148837635539955e+01
2.2490058245901553e+14 9.8066769784050090e-01 -1.5854483987635795e+01
2.2585831157930616e+14 9.7364779910245813e-01 -1.8560353583962474e+01
2.2681604069959678e+14 9.6556984970360449e-01 -2.1266585948022090e+01
2.2777376981988741e+14 9.5627619650638773e-01 -2.3973078936586568e+01
2.2873149894017803e+14 9.4578423722976945e-01 -2.6679478527900638e+01
2.2918744246397328e+14 9.4045497025624492e-01 -2.4976553045950897e+01
2.2923328453667334e+14 9.3991037168262637e-01 -2.4805329193139837e+01
2.2968922806046862e+14 9.3442040332567866e-01 -2.3102281181274805e+01
2.3064695718075925e+14 9.2261475793480918e-01 -2.5807837739813955e+01
2.3160468630104988e+14 9.1061751708757277e-01 -2.8513153170811151e+01
2.3256241542134050e+14 8.9847811252450360e-01 -3.1218446407684706e+01
2.3352014454163112e+14 8.8614253126036535e-01 -3.3923823298345937e+01
2.3447787366192175e+14 8.7353942416179975e-01 -3.6629290071917566e+01
2.3543560278221238e+14 8.6065358053095364e-01 -3.9334796295510110e+01
2.3639333190250300e+14 8.4746380956386802e-01 -4.2040269346417958e+01
2.3735106102279362e+14 8.3399054811959616e-01 -4.4745596134789146e+01
2.3830879014308425e+14 8.2032851937450479e-01 -4.7450699700845291e+01
("Port 4","mode 1",1,"Port 2",1,"transmission")
(22, 3)
2.2011193685756241e+14 9.6086580970308737e-03 -6.6613891264304781e-01
2.2106966597785303e+14 3.1876010517818069e-02 -3.5489598888915563e-01
2.2202739509814366e+14 7.1785934744079738e-02 -3.0414675260582285e+00
2.2298512421843428e+14 1.1041575010503017e-01 -5.7379716923978776e+00
2.2394285333872491e+14 1.4810512708597215e-01 -8.4374875824626301e+00
2.2490058245901553e+14 1.8495105529170566e-01 -1.1140221038205659e+01
2.2585831157930616e+14 2.2067580916337498e-01 -1.3845944952646891e+01
2.2681604069959678e+14 2.5492936497788443e-01 -1.6553327044536800e+01
2.2777376981988741e+14 2.8755632985380791e-01 -1.9260834575057441e+01
2.2873149894017803e+14 3.1866332698681255e-01 -2.1967745585159186e+01
2.2918744246397328e+14 3.3300576340951371e-01 -2.0264978773477260e+01
2.2923328453667334e+14 3.3443242146746632e-01 -2.0093771043681020e+01
2.2968922806046862e+14 3.4847059929731894e-01 -1.8390904956336662e+01
2.3064695718075925e+14 3.7707669566781427e-01 -2.1097077837275215e+01
2.3160468630104988e+14 4.0446778973465319e-01 -2.3803270042386746e+01
2.3256241542134050e+14 4.3060375876270812e-01 -2.6509362690893816e+01
2.3352014454163112e+14 4.5550416643937880e-01 -2.9215180313919465e+01
2.3447787366192175e+14 4.7925482444149009e-01 -3.1920549822644720e+01
2.3543560278221238e+14 5.0199087570954704e-01 -3.4625417370599479e+01
2.3639333190250300e+14 5.2385038652152960e-01 -3.7329882061599619e+01
2.3735106102279362e+14 5.4491721182247921e-01 -4.0034049287613399e+01
2.3830879014308425e+14 5.6528095611879137e-01 -4.2738106244893267e+01
("Port 4","mode 1",1,"Port 3",1,"transmission")
(22, 3)
2.2011193685756241e+14 7.3757976464694085e-04 2.5906990433177453e+00
2.2106966597785303e+14 7.3577333078536135e-04 2.1956331544610075e+00
2.2202739509814366e+14 7.9371376080668494e-04 1.2099299311437259e+00
2.2298512421843428e+14 9.5913908654007179e-04 7.5606762255877336e-01
2.2394285333872491e+14 6.6514407770135707e-04 1.8403010726001263e-02
2.2490058245901553e+14 9.0253871999613079e-04 -1.0776737826144140e+00
2.2585831157930616e+14 9.0091796276265562e-04 -1.8205872169823898e+00
2.2681604069959678e+14 1.2755045372319224e-03 -3.0618522748519728e+00
2.2777376981988741e+14 1.9554290948338620e-03 -3.5994713879821751e+00
2.2873149894017803e+14 1.9442676878343469e-03 -4.2104591449320523e+00
2.2918744246397328e+14 2.4916385904982840e-03 -1.4942657193867290e+00
2.2923328453667334e+14 2.5270488090591257e-03 -1.2374162375324427e+00
2.2968922806046862e+14 2.4210897999840239e-03 1.3572719441454111e+00
2.3064695718075925e+14 2.7859291791562822e-03 9.7483097099183869e-01
2.3160468630104988e+14 2.3771128099090953e-03 4.7311092645445052e-01
2.3256241542134050e+14 2.3479598799541522e-03 -2.5788575562897298e-01
2.3352014454163112e+14 2.2179370034152200e-03 -8.0735775220443040e-01
2.3447787366192175e+14 1.6359207545215552e-03 -1.6926092692563268e+00
2.3543560278221238e+14 2.0276079104947120e-03 -2.7006729752090726e+00
2.3639333190250300e+14 2.3040439100990460e-03 -3.4238570270324806e+00
2.3735106102279362e+14 2.8395014672361650e-03 -4.2247060333297775e+00
2.3830879014308425e+14 3.6644551314103848e-03 -4.7623011275972997e+00
("Port 4","mode 1",1,"Port 4",1,"transmission")
(22, 3)
2.2011193685756241e+14 5.7829409441875826e-03 2.4404819575465719e+00
2.2106966597785303e+14 1.1016754083641302e-02 2.8624601646077359e+00
2.2202739509814366e+14 8.1725060780264945e-03 3.3252909614220654e+00
2.2298512421843428e+14 6.0283056893507684e-04 5.1739578281129264e+00
2.2394285333872491e+14 5.5462527332695803e-03 7.1853094903861328e+00
2.2490058245901553e+14 4.3709575040581190e-03 7.6888468203961162e+00
2.2585831157930616e+14 3.0232783677200202e-04 4.5932704234074349e+00
2.2681604069959678e+14 2.1462701733835255e-03 5.5356931878115949e+00
2.2777376981988741e+14 1.2715843970816196e-03 8.4154747401637344e+00
2.2873149894017803e+14 5.2228438049096619e-03 9.3256714348395615e+00
2.2918744246397328e+14 1.8371522648953922e-03 1.0438913236941016e+01
2.2923328453667334e+14 1.4246957422241492e-03 1.0339199643847545e+01
2.2968922806046862e+14 4.9414044736738553e-03 9.9571642802690370e+00
2.3064695718075925e+14 1.4653079218740475e-03 1.1787282601280973e+01
2.3160468630104988e+14 4.4831106930648930e-03 1.3604787926326344e+01
2.3256241542134050e+14 4.3004475900514788e-03 1.4324101077469470e+01
2.3352014454163112e+14 8.1548042935482951e-04 1.5493739473701330e+01
2.3447787366192175e+14 2.3507215424400187e-03 1.8537667689658758e+01
2.3543560278221238e+14 2.0644257181468050e-03 1.9758843161941559e+01
2.3639333190250300e+14 2.9262247358178110e-03 2.1893961225221080e+01
2.3735106102279362e+14 4.5690762488125704e-03 2.2990310422428735e+01
2.3830879014308425e+14 3.4982873126453702e-03 2.4204759394811198e+01
