["Port 1","LEFT"]
["Port 2","LEFT"]
["Port 3","RIGHT"]
["Port 4","RIGHT"]
("Port 1","mode 1",1,"Port 1",1,"transmission")
(22, 3)
2.2011193685756241e+14 2.8718141966905292e-03 2.6922701512236440e+00
2.2106966597785303e+14 1.0527480750678386e-02 3.0485753390310628e+00
2.2202739509814366e+14 7.6965390790391863e-03 3.3970422118670571e+00
2.2298512421843428e+14 1.9682210372778883e-03 6.0828506520442129e+00
2.2394285333872491e+14 6.1524219143987910e-03 6.8748778814411944e+00
2.2490058245901553e+14 2.5362206003807721e-03 7.3144530773318142e+00
2.2585831157930616e+14 1.9985860112721149e-03 4.2932171076207339e+00
2.2681604069959678e+14 7.6671745516844296e-04 5.2639810957058000e+00
2.2777376981988741e+14 3.5189307897809221e-03 7.9356968347510062e+00
2.2873149894017803e+14 2.9716025458598814e-03 8.6445434042566767e+00
2.2918744246397328e+14 5.3197932101486864e-03 9.7863233107224303e+00
2.2923328453667334e+14 5.3569384480139891e-03 9.9168056057686247e+00
2.2968922806046862e+14 3.3913335183900551e-03 1.1067039297217679e+01
2.3064695718075925e+14 5.8674595532365011e-03 1.1822791453908474e+01
2.3160468630104988e+14 2.8928700724884060e-03 1.2645224300911362e+01
2.3256241542134050e+14 2.4813158648567882e-03 1.5123451707779266e+01
2.3352014454163112e+14 2.4773401477047280e-03 1.6108783809608973e+01
2.3447787366192175e+14 1.4610954168821277e-03 1.8544256320013165e+01
2.3543560278221238e+14 2.3661283832515949e-03 1.9973764887193621e+01
2.3639333190250300e+14 2.7121384766003154e-03 2.1866296049655659e+01
2.3735106102279362e+14 4.2432529197132599e-03 2.3110830467672727e+01
2.3830879014308425e+14 3.7386744415950982e-03 2.4431633160941988e+01
("Port 1","mode 1",1,"Port 2",1,"transmission")
(22, 3)
2.2011193685756241e+14 1.8980861642750291e-03 2.8742286422844314e+00
2.2106966597785303e+14 1.8431805510691923e-03 2.1303887110940156e+00
2.2202739509814366e+14 1.8578575934924822e-03 1.1100047983585837e+00
2.2298512421843428e+14 1.8166006944025737e-03 3.2986846213596788e-01
2.2394285333872491e+14 1.3471058947852378e-03 -7.6423979346997883e-01
2.2490058245901553e+14 1.3025309942010072e-03 -1.8613456452401931e+00
2.2585831157930616e+14 8.7005475119947078e-04 -3.3639743710669054e+00
2.2681604069959678e+14 1.5088155030643204e-03 -4.7018225653665056e+00
2.2777376981988741e+14 1.5719209163291223e-03 -5.7638148078429179e+00
2.2873149894017803e+14 2.3540302939078191e-03 -6.8743175134132155e+00
2.2918744246397328e+14 2.1950943383158236e-03 -4.2490325559265569e+00
2.2923328453667334e+14 2.2069414220295459e-03 -3.9708330632986257e+00
2.2968922806046862e+14 2.6899792653767322e-03 -1.3107688291440791e+00
2.3064695718075925e+14 2.6531200652340154e-03 -2.3395371864168917e+00
2.3160468630104988e+14 3.1059021891397974e-03 -3.2140658395057842e+00
2.3256241542134050e+14 2.5142214549511337e-03 -4.1097068667324006e+00
2.3352014454163112e+14 2.3389872655671566e-03 -5.3107655468630490e+00
2.3447787366192175e+14 1.9610881219461747e-03 -6.3883721170541747e+00
2.3543560278221238e+14 2.0530726086279262e-03 -7.8968050940272247e+00
2.3639333190250300e+14 2.6243417051376497e-03 -8.9644893347008239e+00
2.3735106102279362e+14 3.0219643395023549e-03 -1.0104982826820452e+01
2.3830879014308425e+14 3.9013602119969083e-03 -1.1024083372873099e+01
("Port 1","mode 1",1,"Port 3",1,"transmission")
(22, 3)
2.2011193685756241e+14 1.3092969932759493e-01 2.8099190580958480e+00
2.2106966597785303e+14 1.6862440456233102e-01 -8.1885848686737830e-02
2.2202739509814366e+14 2.0493483287155118e-01 -2.9730374560093926e+00
2.2298512421843428e+14 2.3999502539402778e-01 -5.8644640610755419e+00
2.2394285333872491e+14 2.7370935050530903e-01 -8.7567549056171625e+00
2.2490058245901553e+14 3.0585089563722340e-01 -1.1649526296566332e+01
2.2585831157930616e+14 3.3630734438662191e-01 -1.4541908684020520e+01
2.2681604069959678e+14 3.6526551369470789e-01 -1.7433226712239161e+01
2.2777376981988741e+14 3.9307118827820564e-01 -2.0323524497064312e+01
2.2873149894017803e+14 4.2002068688251248e-01 -2.3213459302824429e+01
2.2918744246397328e+14 4.3258103513383783e-01 -2.1598122072654359e+01
2.2923328453667334e+14 4.3383363739029346e-01 -2.1435717563253199e+01
2.2968922806046862e+14 4.4618750805434038e-01 -1.9820532583795675e+01
2.3064695718075925e+14 4.7144168705655770e-01 -2.2711452479106605e+01
2.3160468630104988e+14 4.9562809095503607e-01 -2.5602934639216439e+01
2.3256241542134050e+14 5.1866735765062932e-01 -2.8494695945105846e+01
2.3352014454163112e+14 5.4057384961527277e-01 -3.1386493861116630e+01
2.3447787366192175e+14 5.6141317002652724e-01 -3.4278173202579197e+01
2.3543560278221238e+14 5.8127143658187885e-01 -3.7169675015857656e+01
2.3639333190250300e+14 6.0019864535467526e-01 -4.0061007758676276e+01
2.3735106102279362e+14 6.1820900064394269e-01 -4.2952138671550991e+01
2.3830879014308425e+14 6.3536851084347945e-01 -4.5843025738850699e+01
("Port 1","mode 1",1,"Port 4",1,"transmission")
(22, 3)
2.2011193685756241e+14 9.8974747519403328e-01 -1.9036732318843630e+00
2.2106966597785303e+14 9.8411766096548225e-01 -4.7948558517587534e+00
2.2202739509814366e+14 9.7687308999037337e-01 -7.6860793833860761e+00
2.2298512421843428e+14 9.6839838950587964e-01 -1.0577081147753356e+01
2.2394285333872491e+14 9.5910428165772144e-01 -1.3467894863122901e+01
2.2490058245901553e+14 9.4921107884198086e-01 -1.6358726894620556e+01
2.2585831157930616e+14 9.3874577031390338e-01 -1.9249740495495381e+01
2.2681604069959678e+14 9.2767456302554641e-01 -2.2140961649841621e+01
2.2777376981988741e+14 9.1601229900893821e-01 -2.5032292497981292e+01
2.2873149894017803e+14 9.0389744139602768e-01 -2.7923635653797479e+01
2.2918744246397328e+14 8.9802266453128265e-01 -2.6308896096955685e+01
2.2923328453667334e+14 8.9742861146813502e-01 -2.6146546189547596e+01
2.2968922806046862e+14 8.9149793460030469e-01 -2.4531840597146701e+01
2.3064695718075925e+14 8.7888344049101064e-01 -2.7423393631077623e+01
2.3160468630104988e+14 8.6599558394350129e-01 -3.0315171505660565e+01
2.3256241542134050e+14 8.5275935544085502e-01 -3.3207140524850239e+01
2.3352014454163112e+14 8.3913484673826277e-01 -3.6099173602782862e+01
2.3447787366192175e+14 8.2514482753716123e-01 -3.8991129606984252e+01
2.3543560278221238e+14 8.1086672190019882e-01 -4.1882866978424921e+01
2.3639333190250300e+14 7.9636952375839498e-01 -4.4774264447845077e+01
2.3735106102279362e+14 7.8177736055462843e-01 -4.7665205064857098e+01
2.3830879014308425e+14 7.6726485275372525e-01 -5.0555650234281110e+01
("Port 2","mode 1",1,"Port 1",1,"transmission")
(22, 3)
2.2011193685756241e+14 1.8981128740876232e-03 2.8742117415579669e+00
2.2106966597785303e+14 1.8431912025010763e-03 2.1304021400778890e+00
2.2202739509814366e+14 1.8579025783788232e-03 1.1100231407971006e+00
2.2298512421843428e+14 1.8166311743955236e-03 3.2988790866497925e-01
2.2394285333872491e+14 1.3471377877288077e-03 -7.6418846848260347e-01
2.2490058245901553e+14 1.3024749372474874e-03 -1.8612529584074977e+00
2.2585831157930616e+14 8.6998460380530401e-04 -3.3638249414259791e+00
2.2681604069959678e+14 1.5088056677956315e-03 -4.7017973561329827e+00
2.2777376981988741e+14 1.5718814045917694e-03 -5.7638108889070745e+00
2.2873149894017803e+14 2.3539920158175145e-03 -6.8743392977429769e+00
2.2918744246397328e+14 2.1950425328229341e-03 -4.2490516627944999e+00
2.2923328453667334e+14 2.2068882812249350e-03 -3.9708511429666267e+00
2.2968922806046862e+14 2.6899232635899228e-03 -1.3107765733473369e+00
2.3064695718075925e+14 2.6531122348747763e-03 -2.3395516934095442e+00
2.3160468630104988e+14 3.1058646103063487e-03 -3.2140874017316570e+00
2.3256241542134050e+14 2.5141432665795795e-03 -4.1097294138076901e+00
2.3352014454163112e+14 2.3389090109206022e-03 -5.3107735386780650e+00
2.3447787366192175e+14 1.9610981871178378e-03 -6.3883646827395788e+00
2.3543560278221238e+14 2.0530928696923917e-03 -7.8968088392045424e+00
2.3639333190250300e+14 2.6243307705227049e-03 -8.9644988027417689e+00
2.3735106102279362e+14 3.0219407831162770e-03 -1.0104966916361285e+01
2.3830879014308425e+14 3.9013606754954122e-03 -1.1024073808119102e+01
("Port 2","mode 1",1,"Port 2",1,"transmission")
(22, 3)
2.2011193685756241e+14 2.8717833620586918e-03 2.6922648610632249e+00
2.2106966597785303e+14 1.0527427311787017e-02 3.0485746582246294e+00
2.2202739509814366e+14 7.6963354668427289e-03 3.3970529166164209e+00
2.2298512421843428e+14 1.9683786600996596e-03 6.0829241420997713e+00
2.2394285333872491e+14 6.1526282542602867e-03 6.8749037630311296e+00
2.2490058245901553e+14 2.5362715002573673e-03 7.3144503667309877e+00
2.2585831157930616e+14 1.9985205101515180e-03 4.2932874899670779e+00
2.2681604069959678e+14 7.6685052834284074e-04 5.2641656988385810e+00
2.2777376981988741e+14 3.5189914545272725e-03 7.9357389862065286e+00
2.2873149894017803e+14 2.9713909476423634e-03 8.6445488410407521e+00
2.2918744246397328e+14 5.3194767365029030e-03 9.7863337996376831e+00
2.2923328453667334e+14 5.3566208076903038e-03 9.9168171245097483e+00
2.2968922806046862e+14 3.3910973010686856e-03 1.1067050126356788e+01
2.3064695718075925e+14 5.8676455853706238e-03 1.1822795897778189e+01
2.3160468630104988e+14 2.8929112070408759e-03 1.2645303667362116e+01
2.3256241542134050e+14 2.4811568987729467e-03 1.5123406386378594e+01
2.3352014454163112e+14 2.4774259260604398e-03 1.6108809800577163e+01
2.3447787366192175e+14 1.4610679183421978e-03 1.8544312699294231e+01
2.3543560278221238e+14 2.3660233188216580e-03 1.9973667383427134e+01
2.3639333190250300e+14 2.7124462401693535e-03 2.1866338783874816e+01
2.3735106102279362e+14 4.2432623323435713e-03 2.3110889746839753e+01
2.3830879014308425e+14 3.7388659071619450e-03 2.4431680077151640e+01
("Port 2","mode 1",1,"Port 3",1,"transmission")
(22, 3)
2.2011193685756241e+14 9.8974763428535351e-01 -1.9036731155330913e+00
2.2106966597785303e+14 9.8411778454135923e-01 -4.7948557796567082e+00
2.2202739509814366e+14 9.7687325405701408e-01 -7.6860793428298635e+00
2.2298512421843428e+14 9.6839855372241268e-01 -1.0577081046831413e+01
2.2394285333872491e+14 9.5910455857735488e-01 -1.3467894887843897e+01
2.2490058245901553e+14 9.4921117967535329e-01 -1.6358726696663048e+01
2.2585831157930616e+14 9.3874582685260333e-01 -1.9249740292986530e+01
2.2681604069959678e+14 9.2767466038197255e-01 -2.2140961504399719e+01
2.2777376981988741e+14 9.1601228585625849e-01 -2.5032292408592582e+01
2.2873149894017803e+14 9.0389739447440087e-01 -2.7923635601739562e+01
2.2918744246397328e+14 8.9802263617477318e-01 -2.6308895939617347e+01
2.2923328453667334e+14 8.9742857417263866e-01 -2.6146546030619511e+01
2.2968922806046862e+14 8.9149793071179528e-01 -2.4531840499592953e+01
2.3064695718075925e+14 8.7888334673603741e-01 -2.7423393297591861e+01
2.3160468630104988e+14 8.6599539626063859e-01 -3.0315171312215025e+01
2.3256241542134050e+14 8.5275914316979640e-01 -3.3207140571778510e+01
2.3352014454163112e+14 8.3913480182809963e-01 -3.6099173552202949e+01
2.3447787366192175e+14 8.2514477949551479e-01 -3.8991129520412635e+01
2.3543560278221238e+14 8.1086643861960683e-01 -4.1882866874648002e+01
2.3639333190250300e+14 7.9636946923477103e-01 -4.4774264482655667e+01
2.3735106102279362e+14 7.8177734749017880e-01 -4.7665204860984744e+01
2.3830879014308425e+14 7.6726476679164901e-01 -5.0555650031006870e+01
("Port 2","mode 1",1,"Port 4",1,"transmission")
(22, 3)
2.2011193685756241e+14 1.3092986096141651e-01 2.8099189370833857e+00
2.2106966597785303e+14 1.6862439609349839e-01 -8.1884891589598802e-02
2.2202739509814366e+14 2.0493469155935937e-01 -2.9730378589721793e+00
2.2298512421843428e+14 2.3999510825699832e-01 -5.8644648881683112e+00
2.2394285333872491e+14 2.7370934628798499e-01 -8.7567549810949696e+00
2.2490058245901553e+14 3.0585083761621862e-01 -1.1649526846193439e+01
2.2585831157930616e+14 3.3630744625803710e-01 -1.4541909027676711e+01
2.2681604069959678e+14 3.6526556464660515e-01 -1.7433226401913625e+01
2.2777376981988741e+14 3.9307120108197147e-01 -2.0323524347550109e+01
2.2873149894017803e+14 4.2002086848967690e-01 -2.3213459370735407e+01
2.2918744246397328e+14 4.3258127122101525e-01 -2.1598122101063289e+01
2.2923328453667334e+14 4.3383388040988735e-01 -2.1435717571067862e+01
2.2968922806046862e+14 4.4618771211652264e-01 -1.9820532287685218e+01
2.3064695718075925e+14 4.7144168897911276e-01 -2.2711452272210931e+01
2.3160468630104988e+14 4.9562807320200786e-01 -2.5602934790993505e+01
2.3256241542134050e+14 5.1866757231973248e-01 -2.8494695948389548e+01
2.3352014454163112e+14 5.4057394787751900e-01 -3.1386493579767631e+01
2.3447787366192175e+14 5.6141308458493899e-01 -3.4278173031554992e+01
2.3543560278221238e+14 5.8127158295903592e-01 -3.7169675049944480e+01
2.3639333190250300e+14 6.0019864062256278e-01 -4.0061007401321703e+01
2.3735106102279362e+14 6.1820872877307786e-01 -4.2952138559289828e+01
2.3830879014308425e+14 6.3536827267156881e-01 -4.5843026075502195e+01
("Port 3","mode 1",1,"Port 1",1,"transmission")
(22, 3)
2.2011193685756241e+14 1.3092625451446369e-01 2.8098649319319202e+00
2.2106966597785303e+14 1.6862120435770936e-01 -8.1923369511196609e-02
2.2202739509814366e+14 2.0493176781233249e-01 -2.9730841567838815e+00
2.2298512421843428e+14 2.3999266113902995e-01 -5.8644999859632643e+00
2.2394285333872491e+14 2.7370331527209280e-01 -8.7567748563843271e+00
2.2490058245901553e+14 3.0584622680295326e-01 -1.1649536306471248e+01
2.2585831157930616e+14 3.3630493000796863e-01 -1.4541902643484296e+01
2.2681604069959678e+14 3.6526331930762768e-01 -1.7433221107201046e+01
2.2777376981988741e+14 3.9307170295489691e-01 -2.0323521605177266e+01
2.2873149894017803e+14 4.2001920872953152e-01 -2.3213455703868906e+01
2.2918744246397328e+14 4.3257851128745894e-01 -2.1598120179223827e+01
2.2923328453667334e+14 4.3383104413238960e-01 -2.1435715860456895e+01
2.2968922806046862e+14 4.4618439484296385e-01 -1.9820532729685780e+01
2.3064695718075925e+14 4.7143865902377474e-01 -2.2711455984316444e+01
2.3160468630104988e+14 4.9562223866508409e-01 -2.5602944349752928e+01
2.3256241542134050e+14 5.1865866509961156e-01 -2.8494714766302828e+01
2.3352014454163112e+14 5.4056429527249483e-01 -3.1386522495819854e+01
2.3447787366192175e+14 5.6139867285622702e-01 -3.4278215039906073e+01
2.3543560278221238e+14 5.8125013243054824e-01 -3.7169730670532381e+01
2.3639333190250300e+14 6.0017275286172489e-01 -4.0061075531733010e+01
2.3735106102279362e+14 6.1817772684782346e-01 -4.2952222989692366e+01
2.3830879014308425e+14 6.3532841742383472e-01 -4.5843127523552063e+01
("Port 3","mode 1",1,"Port 2",1,"transmission")
(22, 3)
2.2011193685756241e+14 9.8970613181404565e-01 -1.9037408478673397e+00
2.2106966597785303e+14 9.8408533285211497e-01 -4.7949087478933397e+00
2.2202739509814366e+14 9.7684739846293445e-01 -7.6861178289762577e+00
2.2298512421843428e+14 9.6837938037541815e-01 -1.0577106697119479e+01
2.2394285333872491e+14 9.5909165875451474e-01 -1.3467908413851520e+01
2.2490058245901553e+14 9.4920505823670653e-01 -1.6358733102338086e+01
2.2585831157930616e+14 9.3874379304713862e-01 -1.9249742392541300e+01
2.2681604069959678e+14 9.2767406966602883e-01 -2.2140961232967655e+01
2.2777376981988741e+14 9.1601223712184243e-01 -2.5032290998780947e+01
2.2873149894017803e+14 9.0389567905041812e-01 -2.7923635073796607e+01
2.2918744246397328e+14 8.9802084053294340e-01 -2.6308895635694228e+01
2.2923328453667334e+14 8.9742675761124968e-01 -2.6146545722543319e+01
2.2968922806046862e+14 8.9149516793457806e-01 -2.4531840208798656e+01
2.3064695718075925e+14 8.7887864427298079e-01 -2.7423397144704694e+01
2.3160468630104988e+14 8.6598784944074314e-01 -3.0315182019633326e+01
2.3256241542134050e+14 8.5274519416778738e-01 -3.3207158000562053e+01
2.3352014454163112e+14 8.3911820304564622e-01 -3.6099200733281812e+01
2.3447787366192175e+14 8.2512195747117545e-01 -3.8991166204473373e+01
2.3543560278221238e+14 8.1083612333763555e-01 -4.1882915192926738e+01
2.3639333190250300e+14 7.9633687811655574e-01 -4.4774326226209027e+01
2.3735106102279362e+14 7.8173939077095256e-01 -4.7665284771398639e+01
2.3830879014308425e+14 7.6721811583388255e-01 -5.0555750510197754e+01
("Port 3","mode 1",1,"Port 3",1,"transmission")
(22, 3)
2.2011193685756241e+14 2.8765454876694125e-03 2.6845359946584075e+00
2.2106966597785303e+14 1.0524616108822963e-02 3.0469945267535832e+00
2.2202739509814366e+14 7.6901933892855549e-03 3.3955073944637362e+00
2.2298512421843428e+14 1.9704963856175726e-03 6.0879963587024042e+00
2.2394285333872491e+14 6.1575983832471452e-03 6.8756177635439144e+00
2.2490058245901553e+14 2.5409446686961998e-03 7.3148263144584886e+00
2.2585831157930616e+14 1.9960428804195554e-03 4.2932957105770653e+00
2.2681604069959678e+14 7.6550344240981132e-04 5.2645877066100688e+00
2.2777376981988741e+14 3.5198601060382651e-03 7.9356363611398795e+00
2.2873149894017803e+14 2.9716944169525025e-03 8.6449378032416906e+00
2.2918744246397328e+14 5.3139457883314501e-03 9.7863227214674566e+00
2.2923328453667334e+14 5.3509999624427561e-03 9.9167715859305829e+00
2.2968922806046862e+14 3.3899785722059390e-03 1.1066739933974839e+01
2.3064695718075925e+14 5.8655230889883333e-03 1.1822865841877357e+01
2.3160468630104988e+14 2.8923569115448431e-03 1.2646262603584137e+01
2.3256241542134050e+14 2.4868784879337729e-03 1.5122373093742668e+01
2.3352014454163112e+14 2.4753189473794824e-03 1.6106657692418295e+01
2.3447787366192175e+14 1.4582921930621437e-03 1.8548885565226360e+01
2.3543560278221238e+14 2.3715631847673726e-03 1.9976578157901514e+01
2.3639333190250300e+14 2.7159552500203377e-03 2.1862485271386735e+01
2.3735106102279362e+14 4.2317446900529097e-03 2.3108790988593370e+01
2.3830879014308425e+14 3.7256376305154996e-03 2.4434204050508960e+01
("Port 3","mode 1",1,"Port 4",1,"transmission")
(22, 3)
2.2011193685756241e+14 1.9023890551911218e-03 2.8724211613428450e+00
2.2106966597785303e+14 1.8481703975627446e-03 2.1308759479844714e+00
2.2202739509814366e+14 1.8594420485389166e-03 1.1123149089434281e+00
2.2298512421843428e+14 1.8152024514182840e-03 3.3153758213939610e-01
2.2394285333872491e+14 1.3447960818028517e-03 -7.6405917661669465e-01
2.2490058245901553e+14 1.3011200939698833e-03 -1.8617909695043593e+00
2.2585831157930616e+14 8.6964478894766787e-04 -3.3656133602090121e+00
2.2681604069959678e+14 1.5100044114989670e-03 -4.7026513969772257e+00
2.2777376981988741e+14 1.5735003556360523e-03 -5.7637280420552086e+00
2.2873149894017803e+14 2.3550130708441899e-03 -6.8737553669012161e+00
2.2918744246397328e+14 2.1956948630369641e-03 -4.2483525269997324e+00
2.2923328453667334e+14 2.2075302272170625e-03 -3.9701482886824979e+00
2.2968922806046862e+14 2.6903521051907372e-03 -1.3101729167329608e+00
2.3064695718075925e+14 2.6523073109135514e-03 -2.3390581744262957e+00
2.3160468630104988e+14 3.1046221534910298e-03 -3.2138631991818460e+00
2.3256241542134050e+14 2.5130381751791572e-03 -4.1095828840607673e+00
2.3352014454163112e+14 2.3379961672153962e-03 -5.3109898197299428e+00
2.3447787366192175e+14 1.9602135198206684e-03 -6.3890629279819775e+00
2.3543560278221238e+14 2.0548606318266760e-03 -7.8980377922432341e+00
2.3639333190250300e+14 2.6287545316067379e-03 -8.9645305162628848e+00
2.3735106102279362e+14 3.0242341143857242e-03 -1.0103111321451049e+01
2.3830879014308425e+14 3.8976596331301997e-03 -1.1022756113932719e+01
("Port 4","mode 1",1,"Port 1",1,"transmission")
(22, 3)
2.2011193685756241e+14 9.8970616802539790e-01 -1.9037408164568015e+00
2.2106966597785303e+14 9.8408541634065527e-01 -4.7949087513380562e+00
2.2202739509814366e+14 9.7684768073703332e-01 -7.6861178780454420e+00
2.2298512421843428e+14 9.6837960011064828e-01 -1.0577106626688751e+01
2.2394285333872491e+14 9.5909177620905284e-01 -1.3467908343613159e+01
2.2490058245901553e+14 9.4920507218373629e-01 -1.6358733160812669e+01
2.2585831157930616e+14 9.3874386034932777e-01 -1.9249742453419774e+01
2.2681604069959678e+14 9.2767419385428107e-01 -2.2140961243770541e+01
2.2777376981988741e+14 9.1601218000622209e-01 -2.5032291005798548e+01
2.2873149894017803e+14 9.0389564643683851e-01 -2.7923635255237595e+01
2.2918744246397328e+14 8.9802096362763728e-01 -2.6308895666653591e+01
2.2923328453667334e+14 8.9742687700840096e-01 -2.6146545725002913e+01
2.2968922806046862e+14 8.9149508707319236e-01 -2.4531840112788039e+01
2.3064695718075925e+14 8.7887867759930516e-01 -2.7423397403261390e+01
2.3160468630104988e+14 8.6598806237744741e-01 -3.0315182018932560e+01
2.3256241542134050e+14 8.5274556726576090e-01 -3.3207157996986560e+01
2.3352014454163112e+14 8.3911816364144654e-01 -3.6099200635808209e+01
2.3447787366192175e+14 8.2512195408601219e-01 -3.8991166187877020e+01
2.3543560278221238e+14 8.1083636715679563e-01 -4.1882915445092671e+01
2.3639333190250300e+14 7.9633684765753932e-01 -4.4774326046320681e+01
2.3735106102279362e+14 7.8173944049595401e-01 -4.7665284649721407e+01
2.3830879014308425e+14 7.6721812255662081e-01 -5.0555750397158043e+01
("Port 4","mode 1",1,"Port 2",1,"transmission")
(22, 3)
2.2011193685756241e+14 1.3092628827788794e-01 2.8098645082761902e+00
2.2106966597785303e+14 1.6862126962243182e-01 -8.1923926627133617e-02
2.2202739509814366e+14 2.0493190133406530e-01 -2.9730839528996973e+00
2.2298512421843428e+14 2.3999264659292432e-01 -5.8644995901574699e+00
2.2394285333872491e+14 2.7370318634556906e-01 -8.7567748582492353e+00
2.2490058245901553e+14 3.0584606563592170e-01 -1.1649536473817818e+01
2.2585831157930616e+14 3.3630486784707142e-01 -1.4541902900850372e+01
2.2681604069959678e+14 3.6526333151018681e-01 -1.7433220768870740e+01
2.2777376981988741e+14 3.9307163648127563e-01 -2.0323521185750366e+01
2.2873149894017803e+14 4.2001914854405664e-01 -2.3213455557072180e+01
2.2918744246397328e+14 4.3257841409091546e-01 -2.1598120231588506e+01
2.2923328453667334e+14 4.3383095058319693e-01 -2.1435715941325579e+01
2.2968922806046862e+14 4.4618440095010858e-01 -1.9820532904878643e+01
2.3064695718075925e+14 4.7143861225895672e-01 -2.2711455938043670e+01
2.3160468630104988e+14 4.9562220400430085e-01 -2.5602944585425377e+01
2.3256241542134050e+14 5.1865857654928815e-01 -2.8494714811430647e+01
2.3352014454163112e+14 5.4056438551743979e-01 -3.1386522498559135e+01
2.3447787366192175e+14 5.6139869552083088e-01 -3.4278215161333279e+01
2.3543560278221238e+14 5.8125023888945604e-01 -3.7169730434978312e+01
2.3639333190250300e+14 6.0017295695547512e-01 -4.0061074962606526e+01
2.3735106102279362e+14 6.1817735690746178e-01 -4.2952222545090457e+01
2.3830879014308425e+14 6.3532821331640044e-01 -4.5843127677728056e+01
("Port 4","mode 1",1,"Port 3",1,"transmission")
(22, 3)
2.2011193685756241e+14 1.9024719192069564e-03 2.8724592801853031e+00
2.2106966597785303e+14 1.8482102825008290e-03 2.1308631608498674e+00
2.2202739509814366e+14 1.8593781516106521e-03 1.1123129463825361e+00
2.2298512421843428e+14 1.8151209937559004e-03 3.3156993613969865e-01
2.2394285333872491e+14 1.3447578987526552e-03 -7.6407132717388870e-01
2.2490058245901553e+14 1.3010542963858545e-03 -1.8618099456916879e+00
2.2585831157930616e+14 8.6960585677921145e-04 -3.3656610533681262e+00
2.2681604069959678e+14 1.5100586174004562e-03 -4.7026568412169789e+00
2.2777376981988741e+14 1.5736152245248124e-03 -5.7637450770111620e+00
2.2873149894017803e+14 2.3550787669705318e-03 -6.8737623040283067e+00
2.2918744246397328e+14 2.1957520541469903e-03 -4.2483568833625176e+00
2.2923328453667334e+14 2.2075861654073312e-03 -3.9701527755126453e+00
2.2968922806046862e+14 2.6904022813444392e-03 -1.3101752375553026e+00
2.3064695718075925e+14 2.6523031592844875e-03 -2.3390599692209779e+00
2.3160468630104988e+14 3.1046520092493680e-03 -3.2138593303344134e+00
2.3256241542134050e+14 2.5129942025576587e-03 -4.1095831763618271e+00
2.3352014454163112e+14 2.3379216878200602e-03 -5.3110043005544458e+00
2.3447787366192175e+14 1.9601401715433502e-03 -6.3890511738876405e+00
2.3543560278221238e+14 2.0548613498948898e-03 -7.8980527436108474e+00
2.3639333190250300e+14 2.6287084969720846e-03 -8.9645485010886681e+00
2.3735106102279362e+14 3.0242193880663441e-03 -1.0103112534099846e+01
2.3830879014308425e+14 3.8976712963218092e-03 -1.1022744576526948e+01
("Port 4","mode 1",1,"Port 4",1,"transmission")
(22, 3)
2.2011193685756241e+14 2.8766289405091202e-03 2.6845459250533303e+00
2.2106966597785303e+14 1.0524519665302750e-02 3.0469960049989329e+00
2.2202739509814366e+14 7.6901619088539661e-03 3.3955039924359451e+00
2.2298512421843428e+14 1.9704587450898592e-03 6.0880783894219936e+00
2.2394285333872491e+14 6.1578553943005656e-03 6.8756047864179957e+00
2.2490058245901553e+14 2.5410257140749642e-03 7.3148484727644849e+00
2.2585831157930616e+14 1.9960296331656595e-03 4.2932768778260701e+00
2.2681604069959678e+14 7.6544161780648333e-04 5.2647861731821939e+00
2.2777376981988741e+14 3.5198167564350967e-03 7.9356439337681755e+00
2.2873149894017803e+14 2.9715233002039370e-03 8.6449465871681905e+00
2.2918744246397328e+14 5.3138674688064267e-03 9.7863221881985876e+00
2.2923328453667334e+14 5.3509432528220970e-03 9.9167722348112211e+00
2.2968922806046862e+14 3.3901470006629047e-03 1.1066779253532754e+01
2.3064695718075925e+14 5.8654722564740504e-03 1.1822883990465030e+01
2.3160468630104988e+14 2.8923817616153583e-03 1.2646314322961496e+01
2.3256241542134050e+14 2.4868928306715412e-03 1.5122389663971624e+01
2.3352014454163112e+14 2.4752867517924102e-03 1.6106632816385087e+01
2.3447787366192175e+14 1.4583781495554364e-03 1.8548956845562234e+01
2.3543560278221238e+14 2.3714856778600229e-03 1.9976710085723131e+01
2.3639333190250300e+14 2.7159018361413941e-03 2.1862570951360166e+01
2.3735106102279362e+14 4.2316474404394937e-03 2.3108822470621831e+01
2.3830879014308425e+14 3.7256964219534584e-03 2.4434250814687580e+01
