["Port 1","LEFT"]
["Port 2","LEFT"]
["Port 3","RIGHT"]
["Port 4","RIGHT"]
("Port 1","mode 1",1,"Port 1",1,"transmission")
(22, 3)
2.2011193685756241e+14 1.3319618712054440e-02 1.8750907355613118e+00
2.2106966597785303e+14 1.1239729545572768e-02 3.6279648096892099e+00
2.2202739509814366e+14 5.0002283466235465e-03 4.5261524244900553e+00
2.2298512421843428e+14 7.5755808687777192e-03 5.7319651151674353e+00
2.2394285333872491e+14 7.7824450430210492e-03 7.8737199305819203e+00
2.2490058245901553e+14 7.2383546537479271e-03 9.9445623595894244e+00
2.2585831157930616e+14 5.4286066032355048e-03 1.2067154042169042e+01
2.2681604069959678e+14 2.8502993236835953e-03 1.3307898997140779e+01
2.2777376981988741e+14 7.8565309949298646e-03 1.4159071202723853e+01
2.2873149894017803e+14 1.2796127137740892e-02 1.6136013977475947e+01
2.2918744246397328e+14 1.2120871407294689e-02 1.7133896179771604e+01
2.2923328453667334e+14 1.1948669602796743e-02 1.7233863284083938e+01
2.2968922806046862e+14 9.3520467921063000e-03 1.8223456827462915e+01
2.3064695718075925e+14 2.2219387681300809e-03 1.9041010170864425e+01
2.3160468630104988e+14 7.2754979244124126e-03 2.0005695084741152e+01
2.3256241542134050e+14 9.6495177427099541e-03 2.2266709699050889e+01
2.3352014454163112e+14 9.3509301540569620e-03 2.4512145796456497e+01
2.3447787366192175e+14 5.9645942934679740e-03 2.6445130373317287e+01
2.3543560278221238e+14 2.5728354849652146e-03 2.6900897473863768e+01
2.3639333190250300e+14 1.0666927511960713e-02 2.8315949673947490e+01
2.3735106102279362e+14 1.4796031211601911e-02 3.0493580248695793e+01
2.3830879014308425e+14 8.3279936093473336e-03 3.2589180995946791e+01
("Port 1","mode 1",1,"Port 2",1,"transmission")
(22, 3)
2.2011193685756241e+14 8.6605125949140386e-03 -3.0786278873390800e+00
2.2106966597785303e+14 8.1915882172686142e-03 -1.6667373006260255e-02
2.2202739509814366e+14 7.1050894548019784e-03 -3.0940467763761133e+00
2.2298512421843428e+14 6.0454873763626862e-03 -6.1889153963040888e+00
2.2394285333872491e+14 4.8605125182824708e-03 -3.2495569015637300e+00
2.2490058245901553e+14 4.3742941195333562e-03 -6.4191834266954373e-01
2.2585831157930616e+14 4.5181866310491630e-03 2.1339994351800815e+00
2.2681604069959678e+14 4.4311662955922237e-03 5.2186594861190816e+00
2.2777376981988741e+14 5.5861701929138920e-03 8.3420511835044096e+00
2.2873149894017803e+14 6.5707127714677311e-03 1.1386518284593418e+01
2.2918744246397328e+14 6.8715842240567966e-03 1.2807235044937745e+01
2.2923328453667334e+14 6.8576025296978888e-03 1.2953728973225541e+01
2.2968922806046862e+14 6.5841245586960558e-03 1.4421350507669878e+01
2.3064695718075925e+14 4.6140960634660682e-03 1.1324632372553815e+01
2.3160468630104988e+14 3.7608581105273821e-03 1.4376224188809941e+01
2.3256241542134050e+14 4.2960018333819206e-03 1.7233199693853290e+01
2.3352014454163112e+14 4.1194253722270438e-03 2.0083550955339309e+01
2.3447787366192175e+14 4.0042587538439318e-03 2.2951203075372980e+01
2.3543560278221238e+14 4.2547388588530903e-03 2.5995065525563792e+01
2.3639333190250300e+14 5.4244004496636373e-03 2.2892212266731953e+01
2.3735106102279362e+14 5.3412425905229790e-03 2.5937867679902237e+01
2.3830879014308425e+14 3.9412348989646042e-03 2.9075300409882530e+01
("Port 1","mode 1",1,"Port 3",1,"transmission")
(22, 3)
2.2011193685756241e+14 8.1639576388501711e-01 1.7554967993932441e-01
2.2106966597785303e+14 8.2552222739230141e-01 2.4728583377644684e+00
2.2202739509814366e+14 8.3419918042981134e-01 4.7703791961573963e+00
2.2298512421843428e+14 8.4262861933910749e-01 7.0671868168483298e+00
2.2394285333872491e+14 8.5065198704579181e-01 9.3641358236470911e+00
2.2490058245901553e+14 8.5783737484405920e-01 1.1660707659029935e+01
2.2585831157930616e+14 8.6486675930055035e-01 1.3957068754485841e+01
2.2681604069959678e+14 8.7147900742762685e-01 1.6253586447289521e+01
2.2777376981988741e+14 8.7727564815831482e-01 1.8549722156681145e+01
2.2873149894017803e+14 8.8326867573512458e-01 2.0846005162304415e+01
2.2918744246397328e+14 8.8623626324362825e-01 2.1939241559863571e+01
2.2923328453667334e+14 8.8648220734351413e-01 2.2049175669930193e+01
2.2968922806046862e+14 8.8898881837180976e-01 2.3142205833676279e+01
2.3064695718075925e+14 8.9418414188102591e-01 2.5438258198514209e+01
2.3160468630104988e+14 8.9928478820864244e-01 2.7734331833285225e+01
2.3256241542134050e+14 9.0390257450171407e-01 3.0030229129969879e+01
2.3352014454163112e+14 9.0829587745021167e-01 3.2325561004008080e+01
2.3447787366192175e+14 9.1274943827719379e-01 3.4621056949931805e+01
2.3543560278221238e+14 9.1656827559210796e-01 3.6916832591257027e+01
2.3639333190250300e+14 9.2064223919366617e-01 3.9212982315637106e+01
2.3735106102279362e+14 9.2378650945262109e-01 4.1509177040717056e+01
2.3830879014308425e+14 9.2739051628654057e-01 4.3805356452116833e+01
("Port 1","mode 1",1,"Port 4",1,"transmission")
(22, 3)
2.2011193685756241e+14 5.7331630086090246e-01 1.7469325802516946e+00
2.2106966597785303e+14 5.5986332147064155e-01 4.0439703355260601e+00
2.2202739509814366e+14 5.4671225172431359e-01 6.3414197639521426e+00
2.2298512421843428e+14 5.3342633717608512e-01 8.6391211614978243e+00
2.2394285333872491e+14 5.2073547986454305e-01 1.0935954387970384e+01
2.2490058245901553e+14 5.0820051983804460e-01 1.3232384580256140e+01
2.2585831157930616e+14 4.9611114375859200e-01 1.5529295310954524e+01
2.2681604069959678e+14 4.8411805668279456e-01 1.7826672745366469e+01
2.2777376981988741e+14 4.7255018622211853e-01 2.0123320891282695e+01
2.2873149894017803e+14 4.6121028744747139e-01 2.2420087586990849e+01
2.2918744246397328e+14 4.5590241254105768e-01 2.3514089324624798e+01
2.2923328453667334e+14 4.5534655104641836e-01 2.3623940766793645e+01
2.2968922806046862e+14 4.5033575918818558e-01 2.4717079676959496e+01
2.3064695718075925e+14 4.3969188595286024e-01 2.7013015224381967e+01
2.3160468630104988e+14 4.2904818867367039e-01 2.9309881908245316e+01
2.3256241542134050e+14 4.1885302399731467e-01 3.1604717907808340e+01
2.3352014454163112e+14 4.0950854463908765e-01 3.3899924985707578e+01
2.3447787366192175e+14 4.0012553542402091e-01 3.6196245808741153e+01
2.3543560278221238e+14 3.9046209989011016e-01 3.8491672797335127e+01
2.3639333190250300e+14 3.8144661904840899e-01 4.0787034779108431e+01
2.3735106102279362e+14 3.7216615272684950e-01 4.3083646621855920e+01
2.3830879014308425e+14 3.6342218972969842e-01 4.5378307059744458e+01
("Port 2","mode 1",1,"Port 1",1,"transmission")
(22, 3)
2.2011193685756241e+14 8.6604941503660281e-03 -3.0786206750081901e+00
2.2106966597785303e+14 8.1916417362252695e-03 -1.6671036096860433e-02
2.2202739509814366e+14 7.1050193128087274e-03 -3.0940342310938314e+00
2.2298512421843428e+14 6.0454986478160107e-03 -6.1889164343067025e+00
2.2394285333872491e+14 4.8604169586561686e-03 -3.2495564537681392e+00
2.2490058245901553e+14 4.3744027148344359e-03 -6.4192476385697506e-01
2.2585831157930616e+14 4.5182269455733923e-03 2.1339843975221031e+00
2.2681604069959678e+14 4.4311795466910582e-03 5.2186403972376976e+00
2.2777376981988741e+14 5.5862157711560820e-03 8.3420371582495942e+00
2.2873149894017803e+14 6.5707645124391924e-03 1.1386538039129071e+01
2.2918744246397328e+14 6.8715253166037266e-03 1.2807262272158736e+01
2.2923328453667334e+14 6.8575153700017157e-03 1.2953756730808966e+01
2.2968922806046862e+14 6.5839586132632640e-03 1.4421350023994821e+01
2.3064695718075925e+14 4.6140416546792884e-03 1.1324617104504192e+01
2.3160468630104988e+14 3.7609966225836205e-03 1.4376237336576223e+01
2.3256241542134050e+14 4.2960772364231872e-03 1.7233190412832961e+01
2.3352014454163112e+14 4.1194199282668705e-03 2.0083546591916541e+01
2.3447787366192175e+14 4.0041951613782748e-03 2.2951222494154099e+01
2.3543560278221238e+14 4.2549763375339918e-03 2.5995069945637280e+01
2.3639333190250300e+14 5.4244651094912987e-03 2.2892192086910399e+01
2.3735106102279362e+14 5.3412778454195453e-03 2.5937885660244699e+01
2.3830879014308425e+14 3.9411843479206865e-03 2.9075313135335470e+01
("Port 2","mode 1",1,"Port 2",1,"transmission")
(22, 3)
2.2011193685756241e+14 1.3319434006623962e-02 1.8750871098739745e+00
2.2106966597785303e+14 1.1239909964678860e-02 3.6279862164677472e+00
2.2202739509814366e+14 5.0002189573186357e-03 4.5261397503980927e+00
2.2298512421843428e+14 7.5757247847330848e-03 5.7319667106318750e+00
2.2394285333872491e+14 7.7825541565160507e-03 7.8737350376818922e+00
2.2490058245901553e+14 7.2386729449691089e-03 9.9445540237452867e+00
2.2585831157930616e+14 5.4285464563458459e-03 1.2067202620104274e+01
2.2681604069959678e+14 2.8501868929008771e-03 1.3307768791822136e+01
2.2777376981988741e+14 7.8569274822333848e-03 1.4159058641161252e+01
2.2873149894017803e+14 1.2796338367140440e-02 1.6136012696443863e+01
2.2918744246397328e+14 1.2121078980774913e-02 1.7133890977410129e+01
2.2923328453667334e+14 1.1948859387184809e-02 1.7233856794275432e+01
2.2968922806046862e+14 9.3522240595117507e-03 1.8223428404151619e+01
2.3064695718075925e+14 2.2221402350338193e-03 1.9040861617602623e+01
2.3160468630104988e+14 7.2754217740321810e-03 2.0005702057448914e+01
2.3256241542134050e+14 9.6488595072671355e-03 2.2266733442829121e+01
2.3352014454163112e+14 9.3506249036785973e-03 2.4512188001424065e+01
2.3447787366192175e+14 5.9648653641707254e-03 2.6445169529774695e+01
2.3543560278221238e+14 2.5729538960831918e-03 2.6901126824148449e+01
2.3639333190250300e+14 1.0666899982127115e-02 2.8315920778315295e+01
2.3735106102279362e+14 1.4795828511291622e-02 3.0493585089717680e+01
2.3830879014308425e+14 8.3275698717479359e-03 3.2589164347589332e+01
("Port 2","mode 1",1,"Port 3",1,"transmission")
(22, 3)
2.2011193685756241e+14 5.7331639534676071e-01 1.7469325183898221e+00
2.2106966597785303e+14 5.5986333788169773e-01 4.0439703276764600e+00
2.2202739509814366e+14 5.4671227468952754e-01 6.3414197603295568e+00
2.2298512421843428e+14 5.3342621857989980e-01 8.6391208633158616e+00
2.2394285333872491e+14 5.2073540640687677e-01 1.0935954316242915e+01
2.2490058245901553e+14 5.0820045960149030e-01 1.3232384199234959e+01
2.2585831157930616e+14 4.9611110182781981e-01 1.5529294940436333e+01
2.2681604069959678e+14 4.8411798897810177e-01 1.7826672406071992e+01
2.2777376981988741e+14 4.7254995055888377e-01 2.0123320822819444e+01
2.2873149894017803e+14 4.6120992193091104e-01 2.2420087421090841e+01
2.2918744246397328e+14 4.5590204185002081e-01 2.3514088843942304e+01
2.2923328453667334e+14 4.5534620799103726e-01 2.3623940229268943e+01
2.2968922806046862e+14 4.5033555787978274e-01 2.4717079382281998e+01
2.3064695718075925e+14 4.3969167774698525e-01 2.7013014958871882e+01
2.3160468630104988e+14 4.2904806792952571e-01 2.9309881563508352e+01
2.3256241542134050e+14 4.1885316492543112e-01 3.1604718395052043e+01
2.3352014454163112e+14 4.0950851792585496e-01 3.3899924966523230e+01
2.3447787366192175e+14 4.0012561553276516e-01 3.6196245740323903e+01
2.3543560278221238e+14 3.9046195051596544e-01 3.8491673118699111e+01
2.3639333190250300e+14 3.8144669320849367e-01 4.0787035027966752e+01
2.3735106102279362e+14 3.7216593134033138e-01 4.3083646498616709e+01
2.3830879014308425e+14 3.6342234124403572e-01 4.5378306647653716e+01
("Port 2","mode 1",1,"Port 4",1,"transmission")
(22, 3)
2.2011193685756241e+14 8.1639571618784146e-01 1.7554950047830367e-01
2.2106966597785303e+14 8.2552235778010230e-01 2.4728581029484342e+00
2.2202739509814366e+14 8.3419911365368049e-01 4.7703789532508001e+00
2.2298512421843428e+14 8.4262851971168640e-01 7.0671875113938167e+00
2.2394285333872491e+14 8.5065204163156449e-01 9.3641362386593681e+00
2.2490058245901553e+14 8.5783691763559233e-01 1.1660707891834960e+01
2.2585831157930616e+14 8.6486665327129064e-01 1.3957068681376615e+01
2.2681604069959678e+14 8.7147896559259264e-01 1.6253586520014824e+01
2.2777376981988741e+14 8.7727556685956698e-01 1.8549722244063865e+01
2.2873149894017803e+14 8.8326885302960267e-01 2.0846005075405174e+01
2.2918744246397328e+14 8.8623640481701438e-01 2.1939241886613750e+01
2.2923328453667334e+14 8.8648226490535742e-01 2.2049176055284715e+01
2.2968922806046862e+14 8.8898845751905475e-01 2.3142205635346443e+01
2.3064695718075925e+14 8.9418439631834434e-01 2.5438257710550076e+01
2.3160468630104988e+14 8.9928530846265065e-01 2.7734331722333348e+01
2.3256241542134050e+14 9.0390211561063782e-01 3.0030228842235079e+01
2.3352014454163112e+14 9.0829601971175289e-01 3.2325560444753428e+01
2.3447787366192175e+14 9.1274936217569547e-01 3.4621056604762330e+01
2.3543560278221238e+14 9.1656881380196020e-01 3.6916831959314962e+01
2.3639333190250300e+14 9.2064235949160633e-01 3.9212982075270965e+01
2.3735106102279362e+14 9.2378725885726809e-01 4.1509177111719083e+01
2.3830879014308425e+14 9.2739051527651417e-01 4.3805356166240273e+01
("Port 3","mode 1",1,"Port 1",1,"transmission")
(22, 3)
2.2011193685756241e+14 8.1639003384655684e-01 1.7544830546139439e-01
2.2106966597785303e+14 8.2551293296144068e-01 2.4727457954494767e+00
2.2202739509814366e+14 8.3417083816332893e-01 4.7702866248916198e+00
2.2298512421843428e+14 8.4259533897649241e-01 7.0671289386612184e+00
2.2394285333872491e+14 8.5062500907461247e-01 9.3641115364280783e+00
2.2490058245901553e+14 8.5782266292754139e-01 1.1660706900206767e+01
2.2585831157930616e+14 8.6485450196949643e-01 1.3957070425226094e+01
2.2681604069959678e+14 8.7147769225981120e-01 1.6253592185408639e+01
2.2777376981988741e+14 8.7727091071820573e-01 1.8549723831462586e+01
2.2873149894017803e+14 8.8326926553913798e-01 2.0846006669239298e+01
2.2918744246397328e+14 8.8623509012377821e-01 2.1939243358132430e+01
2.2923328453667334e+14 8.8648046470879893e-01 2.2049177744623837e+01
2.2968922806046862e+14 8.8898540430157424e-01 2.3142201310257271e+01
2.3064695718075925e+14 8.9417687326993556e-01 2.5438251831890980e+01
2.3160468630104988e+14 8.9927667748458429e-01 2.7734325579033872e+01
2.3256241542134050e+14 9.0388018795892455e-01 3.0030219157799063e+01
2.3352014454163112e+14 9.0828822421334143e-01 3.2325537746753945e+01
2.3447787366192175e+14 9.1274551990084807e-01 3.4621016066101582e+01
2.3543560278221238e+14 9.1656748758265139e-01 3.6916774738956747e+01
2.3639333190250300e+14 9.2060737099469747e-01 3.9212905926119447e+01
2.3735106102279362e+14 9.2374304298457832e-01 4.1509087091120946e+01
2.3830879014308425e+14 9.2731528016197939e-01 4.3805223906955561e+01
("Port 3","mode 1",1,"Port 2",1,"transmission")
(22, 3)
2.2011193685756241e+14 5.7329761925725131e-01 1.7468569469945989e+00
2.2106966597785303e+14 5.5984739066646594e-01 4.0439190491332244e+00
2.2202739509814366e+14 5.4669989588397427e-01 6.3413726493366696e+00
2.2298512421843428e+14 5.3341620960494773e-01 8.6390644774562642e+00
2.2394285333872491e+14 5.2072497068621493e-01 1.0935915758129100e+01
2.2490058245901553e+14 5.0819715828819090e-01 1.3232364449009355e+01
2.2585831157930616e+14 4.9611325707558784e-01 1.5529290256980586e+01
2.2681604069959678e+14 4.8412164925671136e-01 1.7826667397918925e+01
2.2777376981988741e+14 4.7255036177369220e-01 2.0123320460496288e+01
2.2873149894017803e+14 4.6120942358847722e-01 2.2420082613730074e+01
2.2918744246397328e+14 4.5589990074496928e-01 2.3514088838520617e+01
2.2923328453667334e+14 4.5534394023068792e-01 2.3623939571296155e+01
2.2968922806046862e+14 4.5033404022872447e-01 2.4717078593758885e+01
2.3064695718075925e+14 4.3969063295998911e-01 2.7013007088819194e+01
2.3160468630104988e+14 4.2904292916904363e-01 2.9309860003724008e+01
2.3256241542134050e+14 4.1884367004801443e-01 3.1604669334149381e+01
2.3352014454163112e+14 4.0949493540077819e-01 3.3899883328238083e+01
2.3447787366192175e+14 4.0011449028128521e-01 3.6196201079528414e+01
2.3543560278221238e+14 3.9045132097504665e-01 3.8491608550179954e+01
2.3639333190250300e+14 3.8143150838790701e-01 4.0786976092615852e+01
2.3735106102279362e+14 3.7214277126571360e-01 4.3083578118107141e+01
2.3830879014308425e+14 3.6340652901803921e-01 4.5378206500679937e+01
("Port 3","mode 1",1,"Port 3",1,"transmission")
(22, 3)
2.2011193685756241e+14 1.3347162788240051e-02 1.8738620934443695e+00
2.2106966597785303e+14 1.1230470727131564e-02 3.6252738811808043e+00
2.2202739509814366e+14 4.9823481230824324e-03 4.5230284799977953e+00
2.2298512421843428e+14 7.5708438461613266e-03 5.7322036878300873e+00
2.2394285333872491e+14 7.7941770162559439e-03 7.8741503771598431e+00
2.2490058245901553e+14 7.2337046717735306e-03 9.9437796764504718e+00
2.2585831157930616e+14 5.4247807797736742e-03 1.2067848741484607e+01
2.2681604069959678e+14 2.8529064551497964e-03 1.3306730255737483e+01
2.2777376981988741e+14 7.8612517117070367e-03 1.4159153128095515e+01
2.2873149894017803e+14 1.2793107710124407e-02 1.6136073459837174e+01
2.2918744246397328e+14 1.2117892375721875e-02 1.7133814375301522e+01
2.2923328453667334e+14 1.1945966210357761e-02 1.7233789947368585e+01
2.2968922806046862e+14 9.3529575313148327e-03 1.8223342151218073e+01
2.3064695718075925e+14 2.2182052603868839e-03 1.9042677613471973e+01
2.3160468630104988e+14 7.2701074186659184e-03 2.0005944536443295e+01
2.3256241542134050e+14 9.6449848011934940e-03 2.2265593595362148e+01
2.3352014454163112e+14 9.3508296664736382e-03 2.4512838270739053e+01
2.3447787366192175e+14 5.9686819963807054e-03 2.6445393748910668e+01
2.3543560278221238e+14 2.5792711442213473e-03 2.6905339309494611e+01
2.3639333190250300e+14 1.0661959263243159e-02 2.8316493542195524e+01
2.3735106102279362e+14 1.4790911514028159e-02 3.0493382417357484e+01
2.3830879014308425e+14 8.3519636938038152e-03 3.2586432035714147e+01
("Port 3","mode 1",1,"Port 4",1,"transmission")
(22, 3)
2.2011193685756241e+14 8.6509350165229065e-03 -3.0784117786094840e+00
2.2106966597785303e+14 8.1882139542473215e-03 -1.5236161976003899e-02
2.2202739509814366e+14 7.1059412397164673e-03 -3.0957136313687754e+00
2.2298512421843428e+14 6.0376752054486201e-03 -6.1896077605812616e+00
2.2394285333872491e+14 4.8578288420814669e-03 -3.2504820842787896e+00
2.2490058245901553e+14 4.3725073830898796e-03 -6.4177455580196441e-01
2.2585831157930616e+14 4.5186405355500175e-03 2.1345900941774105e+00
2.2681604069959678e+14 4.4343475023355325e-03 5.2190420375319020e+00
2.2777376981988741e+14 5.5846174932545917e-03 8.3418775441054027e+00
2.2873149894017803e+14 6.5704388022508817e-03 1.1386508476745620e+01
2.2918744246397328e+14 6.8716022590721241e-03 1.2807300515360467e+01
2.2923328453667334e+14 6.8577172755491132e-03 1.2953760281559825e+01
2.2968922806046862e+14 6.5850960983122641e-03 1.4421314981134605e+01
2.3064695718075925e+14 4.6117615569465668e-03 1.1324068923549458e+01
2.3160468630104988e+14 3.7626997714013230e-03 1.4376853106049108e+01
2.3256241542134050e+14 4.3021972428913761e-03 1.7234198051185487e+01
2.3352014454163112e+14 4.1173667636833925e-03 2.0084741971393708e+01
2.3447787366192175e+14 4.0025241702714223e-03 2.2950305719800824e+01
2.3543560278221238e+14 4.2572246178557817e-03 2.5995858427791262e+01
2.3639333190250300e+14 5.4278712546386833e-03 2.2889445570585888e+01
2.3735106102279362e+14 5.3207279346617247e-03 2.5940619137181990e+01
2.3830879014308425e+14 3.9753238310961583e-03 2.9075358872165488e+01
("Port 4","mode 1",1,"Port 1",1,"transmission")
(22, 3)
2.2011193685756241e+14 5.7329759968384630e-01 1.7468570662266765e+00
2.2106966597785303e+14 5.5984732194754838e-01 4.0439191165983850e+00
2.2202739509814366e+14 5.4669987514047946e-01 6.3413725059584500e+00
2.2298512421843428e+14 5.3341619172769916e-01 8.6390645699795847e+00
2.2394285333872491e+14 5.2072494549780790e-01 1.0935915856118424e+01
2.2490058245901553e+14 5.0819698722676865e-01 1.3232364524537578e+01
2.2585831157930616e+14 4.9611315492589314e-01 1.5529290039839466e+01
2.2681604069959678e+14 4.8412146383975274e-01 1.7826666930642727e+01
2.2777376981988741e+14 4.7255018474009286e-01 2.0123320391138705e+01
2.2873149894017803e+14 4.6120915887748876e-01 2.2420082199559790e+01
2.2918744246397328e+14 4.5589980563562305e-01 2.3514088548855330e+01
2.2923328453667334e+14 4.5534385211204959e-01 2.3623939292236336e+01
2.2968922806046862e+14 4.5033394666442994e-01 2.4717078628448885e+01
2.3064695718075925e+14 4.3969062779326423e-01 2.7013007288639827e+01
2.3160468630104988e+14 4.2904294607916099e-01 2.9309860396705556e+01
2.3256241542134050e+14 4.1884382472315829e-01 3.1604669787762074e+01
2.3352014454163112e+14 4.0949490671777922e-01 3.3899883835985264e+01
2.3447787366192175e+14 4.0011444310306404e-01 3.6196201249514836e+01
2.3543560278221238e+14 3.9045117620118669e-01 3.8491608713633177e+01
2.3639333190250300e+14 3.8143145152494429e-01 4.0786976425787827e+01
2.3735106102279362e+14 3.7214270804496236e-01 4.3083578156604055e+01
2.3830879014308425e+14 3.6340656961986734e-01 4.5378205814591809e+01
("Port 4","mode 1",1,"Port 2",1,"transmission")
(22, 3)
2.2011193685756241e+14 8.1638985548654752e-01 1.7544846897696167e-01
2.2106966597785303e+14 8.2551266095537978e-01 2.4727459061125683e+00
2.2202739509814366e+14 8.3417044925628692e-01 4.7702863206525343e+00
2.2298512421843428e+14 8.4259502383095863e-01 7.0671289867724916e+00
2.2394285333872491e+14 8.5062505966802782e-01 9.3641111349984101e+00
2.2490058245901553e+14 8.5782261388658332e-01 1.1660706655493351e+01
2.2585831157930616e+14 8.6485445352050538e-01 1.3957070491019474e+01
2.2681604069959678e+14 8.7147758668515163e-01 1.6253592165616631e+01
2.2777376981988741e+14 8.7727093626454389e-01 1.8549723520817842e+01
2.2873149894017803e+14 8.8326937493027557e-01 2.0846006812959487e+01
2.2918744246397328e+14 8.8623505296835736e-01 2.1939243566878453e+01
2.2923328453667334e+14 8.8648040712347198e-01 2.2049177969171719e+01
2.2968922806046862e+14 8.8898524137542767e-01 2.3142201341809653e+01
2.3064695718075925e+14 8.9417648266895677e-01 2.5438251944034814e+01
2.3160468630104988e+14 8.9927711276938949e-01 2.7734325319693042e+01
2.3256241542134050e+14 9.0387984860358950e-01 3.0030218932812083e+01
2.3352014454163112e+14 9.0828800211028848e-01 3.2325537001379828e+01
2.3447787366192175e+14 9.1274573827531769e-01 3.4621015873748775e+01
2.3543560278221238e+14 9.1656784164728899e-01 3.6916774784477631e+01
2.3639333190250300e+14 9.2060731158717635e-01 3.9212905378174845e+01
2.3735106102279362e+14 9.2374300608919968e-01 4.1509086605313634e+01
2.3830879014308425e+14 9.2731530487553515e-01 4.3805223835814566e+01
("Port 4","mode 1",1,"Port 3",1,"transmission")
(22, 3)
2.2011193685756241e+14 8.6509333870864250e-03 -3.0784077569257380e+00
2.2106966597785303e+14 8.1881858430197085e-03 -1.5240637068669278e-02
2.2202739509814366e+14 7.1059203504252591e-03 -3.0957139628723089e+00
2.2298512421843428e+14 6.0377604420221373e-03 -6.1896135241744883e+00
2.2394285333872491e+14 4.8578715876142287e-03 -3.2504778829578616e+00
2.2490058245901553e+14 4.3726070313129736e-03 -6.4177278365563883e-01
2.2585831157930616e+14 4.5185558872682481e-03 2.1345912505948257e+00
2.2681604069959678e+14 4.4343259699580967e-03 5.2190357007741337e+00
2.2777376981988741e+14 5.5847058565140616e-03 8.3418649661158693e+00
2.2873149894017803e+14 6.5703775844207597e-03 1.1386507176295353e+01
2.2918744246397328e+14 6.8716122036736283e-03 1.2807292353385819e+01
2.2923328453667334e+14 6.8577305897476754e-03 1.2953753234690421e+01
2.2968922806046862e+14 6.5850373065736078e-03 1.4421318185629389e+01
2.3064695718075925e+14 4.6117049856087937e-03 1.1324080792660952e+01
2.3160468630104988e+14 3.7627046264098896e-03 1.4376856459159526e+01
2.3256241542134050e+14 4.3023202242965007e-03 1.7234251430413703e+01
2.3352014454163112e+14 4.1172657213499895e-03 2.0084706270159405e+01
2.3447787366192175e+14 4.0025106363310147e-03 2.2950287216464993e+01
2.3543560278221238e+14 4.2574793997930778e-03 2.5995856063008905e+01
2.3639333190250300e+14 5.4280137163034200e-03 2.2889440313263830e+01
2.3735106102279362e+14 5.3208184902288694e-03 2.5940637963164036e+01
2.3830879014308425e+14 3.9751580624050346e-03 2.9075348372869964e+01
("Port 4","mode 1",1,"Port 4",1,"transmission")
(22, 3)
2.2011193685756241e+14 1.3347314416568895e-02 1.8738551981351204e+00
2.2106966597785303e+14 1.1230542355001944e-02 3.6252549111731929e+00
2.2202739509814366e+14 4.9823295369665127e-03 4.5229727433696914e+00
2.2298512421843428e+14 7.5710238531681538e-03 5.7321712963289251e+00
2.2394285333872491e+14 7.7941934810818146e-03 7.8741448058785615e+00
2.2490058245901553e+14 7.2335668365037745e-03 9.9437820102986514e+00
2.2585831157930616e+14 5.4248206796414303e-03 1.2067861087966165e+01
2.2681604069959678e+14 2.8530779531445085e-03 1.3306686473231554e+01
2.2777376981988741e+14 7.8613859389389425e-03 1.4159159499579026e+01
2.2873149894017803e+14 1.2793522247526544e-02 1.6136058126290465e+01
2.2918744246397328e+14 1.2118404144838243e-02 1.7133805910128110e+01
2.2923328453667334e+14 1.1946442214291208e-02 1.7233785105982658e+01
2.2968922806046862e+14 9.3530171876923356e-03 1.8223337312761849e+01
2.3064695718075925e+14 2.2176415401458588e-03 1.9042614064994673e+01
2.3160468630104988e+14 7.2697263006206913e-03 2.0005930272373071e+01
2.3256241542134050e+14 9.6443444566153488e-03 2.2265620863885729e+01
2.3352014454163112e+14 9.3508233530205480e-03 2.4512844912869234e+01
2.3447787366192175e+14 5.9689759413941706e-03 2.6445354306355920e+01
2.3543560278221238e+14 2.5793603091703757e-03 2.6905495197809444e+01
2.3639333190250300e+14 1.0661197983880330e-02 2.8316508224070692e+01
2.3735106102279362e+14 1.4790859224805327e-02 3.0493363822482479e+01
2.3830879014308425e+14 8.3525667229006392e-03 3.2586439372847238e+01
