["Port 1","LEFT"]
["Port 2","LEFT"]
["Port 3","RIGHT"]
["Port 4","RIGHT"]
("Port 1","mode 1",1,"Port 1",1,"transmission")
(22, 3)
2.2011193685756241e+14 1.1799871463883233e-03 -5.7047201687784910e-01
2.2106966597785303e+14 1.1807240977297338e-03 2.2972324880386958e+00
2.2202739509814366e+14 1.0340076573533740e-03 4.4189843188910576e+00
2.2298512421843428e+14 1.4344515488728519e-03 7.2769005553447235e+00
2.2394285333872491e+14 1.8655612540133448e-03 8.7902193283415926e+00
2.2490058245901553e+14 1.1811418400163079e-03 9.3510964257790015e+00
2.2585831157930616e+14 1.8128042343595720e-03 9.8787648064475491e+00
2.2681604069959678e+14 1.9441439977541213e-03 1.1390920794936738e+01
2.2777376981988741e+14 1.3720480390760777e-03 1.3304136421371213e+01
2.2873149894017803e+14 6.8530560546188493e-04 1.5816685730125457e+01
2.2918744246397328e+14 7.4028496798552378e-04 1.7302975065283285e+01
2.2923328453667334e+14 7.6184523147847976e-04 1.7430932866112219e+01
2.2968922806046862e+14 9.8174786239951317e-04 1.8467597421004925e+01
2.3064695718075925e+14 8.9541412852125806e-04 1.9778043836306928e+01
2.3160468630104988e+14 1.0466973588953773e-03 1.9991529996356931e+01
2.3256241542134050e+14 1.9778052048087360e-03 2.1153435397740246e+01
2.3352014454163112e+14 2.3909229839307595e-03 2.2705044335319005e+01
2.3447787366192175e+14 1.9634603286851058e-03 2.4178127315854447e+01
2.3543560278221238e+14 8.4972111955988110e-04 2.4933575638748724e+01
2.3639333190250300e+14 1.2396062112114579e-03 2.4952113060118982e+01
2.3735106102279362e+14 1.1669054519839893e-03 2.6178591459565361e+01
2.3830879014308425e+14 1.5521957058203497e-04 2.6565583613039461e+01
("Port 1","mode 1",1,"Port 2",1,"transmission")
(22, 3)
2.2011193685756241e+14 7.0586661938087057e-04 1.1187548184039966e+00
2.2106966597785303e+14 7.2598084922216686e-04 3.6488477438355775e+00
2.2202739509814366e+14 6.5496441461941276e-04 6.1412231258754888e+00
2.2298512421843428e+14 5.8814947633220095e-04 8.6847559709108602e+00
2.2394285333872491e+14 5.0630056943307979e-04 1.1182081943931262e+01
2.2490058245901553e+14 3.8226495680899737e-04 1.3797108225392483e+01
2.2585831157930616e+14 3.4873420424618161e-04 1.6697619894062537e+01
2.2681604069959678e+14 4.6820362203574620e-04 1.9370411065627504e+01
2.2777376981988741e+14 5.7370726501846183e-04 2.1691137387983048e+01
2.2873149894017803e+14 5.5674748921348289e-04 2.3873638421392648e+01
2.2918744246397328e+14 4.9866510384693292e-04 2.4897490298290684e+01
2.2923328453667334e+14 4.9114454492188919e-04 2.5000534147984471e+01
2.2968922806046862e+14 4.0170040785696999e-04 2.6033486309258802e+01
2.3064695718075925e+14 1.6592211976605324e-04 2.8470187467693041e+01
2.3160468630104988e+14 1.6483516590901209e-04 2.6081275260788004e+01
2.3256241542134050e+14 3.3915163795017602e-04 2.8488964206071810e+01
2.3352014454163112e+14 4.2020075192605915e-04 3.0652287679276245e+01
2.3447787366192175e+14 4.1353199318597077e-04 3.2836805651294810e+01
2.3543560278221238e+14 3.6283005047065068e-04 3.5035109457344504e+01
2.3639333190250300e+14 2.3996995517572398e-04 3.7187159290292435e+01
2.3735106102279362e+14 6.2755843038719391e-05 3.4052894108323656e+01
2.3830879014308425e+14 2.2515699231682578e-04 3.1172690261254711e+01
("Port 1","mode 1",1,"Port 3",1,"transmission")
(22, 3)
2.2011193685756241e+14 9.0505614639165100e-01 -1.1084019820699029e+00
2.2106966597785303e+14 9.0997696312691845e-01 9.4410446716421204e-01
2.2202739509814366e+14 9.1456830573797299e-01 2.9963524030081929e+00
2.2298512421843428e+14 9.1883453048036245e-01 5.0483656251939815e+00
2.2394285333872491e+14 9.2278198901849107e-01 7.1001775600111490e+00
2.2490058245901553e+14 9.2643122589201288e-01 9.1518210327486766e+00
2.2585831157930616e+14 9.2980298168120123e-01 1.1203349722243967e+01
2.2681604069959678e+14 9.3294138919961533e-01 1.3254794075519928e+01
2.2777376981988741e+14 9.3590458314607350e-01 1.5306179902414108e+01
2.2873149894017803e+14 9.3873249464405628e-01 1.7357485236511355e+01
2.2918744246397328e+14 9.4004335425052699e-01 1.8334009141134203e+01
2.2923328453667334e+14 9.4017394760442519e-01 1.8432190780976658e+01
2.2968922806046862e+14 9.4146016937540755e-01 1.9408687759328984e+01
2.3064695718075925e+14 9.4408459040775095e-01 2.1459769777365842e+01
2.3160468630104988e+14 9.4660037021229948e-01 2.3510725645345509e+01
2.3256241542134050e+14 9.4899284743973489e-01 2.5561565542408069e+01
2.3352014454163112e+14 9.5126268341712883e-01 2.7612313443213605e+01
2.3447787366192175e+14 9.5340544328540811e-01 2.9662995738694608e+01
2.3543560278221238e+14 9.5543591253642701e-01 3.1713638123209567e+01
2.3639333190250300e+14 9.5735667205009356e-01 3.3764272969819494e+01
2.3735106102279362e+14 9.5920333199904917e-01 3.5814907462341750e+01
2.3830879014308425e+14 9.6099798270589665e-01 3.7865551917135647e+01
("Port 1","mode 1",1,"Port 4",1,"transmission")
(22, 3)
2.2011193685756241e+14 4.1953622377531513e-01 4.6317774250019778e-01
2.2106966597785303e+14 4.0894821254924474e-01 2.5163349853249741e+00
2.2202739509814366e+14 3.9865351007796501e-01 4.5691591003571874e+00
2.2298512421843428e+14 3.8862564317995690e-01 6.6216668321623926e+00
2.2394285333872491e+14 3.7884673758839682e-01 8.6738950216073079e+00
2.2490058245901553e+14 3.6931026204842399e-01 1.0725882688951652e+01
2.2585831157930616e+14 3.6001397135707180e-01 1.2777687256531078e+01
2.2681604069959678e+14 3.5096537990518983e-01 1.4829331496282499e+01
2.2777376981988741e+14 3.4217155523797887e-01 1.6880825252069872e+01
2.2873149894017803e+14 3.3362550884257142e-01 1.8932141423519049e+01
2.2918744246397328e+14 3.2964179717265985e-01 1.9908641510609765e+01
2.2923328453667334e+14 3.2924418126579830e-01 2.0006819943946478e+01
2.2968922806046862e+14 3.2531768182370158e-01 2.0983278776696061e+01
2.3064695718075925e+14 3.1723211530224099e-01 2.3034260811968412e+01
2.3160468630104988e+14 3.0936158476189407e-01 2.5085123141666024e+01
2.3256241542134050e+14 3.0170189694856392e-01 2.7135900597652792e+01
2.3352014454163112e+14 2.9425473983216505e-01 2.9186619587409140e+01
2.3447787366192175e+14 2.8701681473606006e-01 3.1237292767672930e+01
2.3543560278221238e+14 2.7998685137837648e-01 3.3287932306083590e+01
2.3639333190250300e+14 2.7315962912619424e-01 3.5338565074028438e+01
2.3735106102279362e+14 2.6654165472666985e-01 3.7389184056742529e+01
2.3830879014308425e+14 2.6013090872168387e-01 3.9439757767354870e+01
("Port 2","mode 1",1,"Port 1",1,"transmission")
(22, 3)
2.2011193685756241e+14 7.3141767115937140e-04 1.1451583054876813e+00
2.2106966597785303e+14 7.4370409241780516e-04 3.6843865082732030e+00
2.2202739509814366e+14 6.6192547839036124e-04 6.1876399060256597e+00
2.2298512421843428e+14 5.8505857198677821e-04 8.7376060983190396e+00
2.2394285333872491e+14 4.9223261430479789e-04 1.1237396885754043e+01
2.2490058245901553e+14 3.6184723515362438e-04 1.3859339951771748e+01
2.2585831157930616e+14 3.2918744041692346e-04 1.6767723991170186e+01
2.2681604069959678e+14 4.4417677649147584e-04 1.9412265652022835e+01
2.2777376981988741e+14 5.4325016525916844e-04 2.1696851924203003e+01
2.2873149894017803e+14 5.3154449973881631e-04 2.3841794136619189e+01
2.2918744246397328e+14 4.8098977331998105e-04 2.4846531995324607e+01
2.2923328453667334e+14 4.7436254948058856e-04 2.4947565551450232e+01
2.2968922806046862e+14 3.9454100640638686e-04 2.5958759951733409e+01
2.3064695718075925e+14 1.7347253725323334e-04 2.8294914126639462e+01
2.3160468630104988e+14 1.4287941399101570e-04 2.5941198355548199e+01
2.3256241542134050e+14 3.2833805138893734e-04 2.8402475226102808e+01
2.3352014454163112e+14 4.3050739066158761e-04 3.0583702539515617e+01
2.3447787366192175e+14 4.3986314520940583e-04 3.2798070704168403e+01
2.3543560278221238e+14 3.9397320441907411e-04 3.5042387676899203e+01
2.3639333190250300e+14 2.6265949915130497e-04 3.7274038541900161e+01
2.3735106102279362e+14 9.1518071084892747e-05 3.4229330239738289e+01
2.3830879014308425e+14 2.5712963417117817e-04 3.1172478963648235e+01
("Port 2","mode 1",1,"Port 2",1,"transmission")
(22, 3)
2.2011193685756241e+14 1.1707269836375230e-03 -5.6717702367290201e-01
2.2106966597785303e+14 1.1716458023629868e-03 2.3005312642970037e+00
2.2202739509814366e+14 1.0248850435733135e-03 4.4156773191651535e+00
2.2298512421843428e+14 1.4254260337843384e-03 7.2744233635025495e+00
2.2394285333872491e+14 1.8671565038376578e-03 8.7850814609449870e+00
2.2490058245901553e+14 1.1873186261479537e-03 9.3574232503994850e+00
2.2585831157930616e+14 1.8033158127324159e-03 9.8783229864717192e+00
2.2681604069959678e+14 1.9430205218425455e-03 1.1386068557646931e+01
2.2777376981988741e+14 1.3791602335768004e-03 1.3299499880153112e+01
2.2873149894017803e+14 6.9413226894576906e-04 1.5811330474963318e+01
2.2918744246397328e+14 7.4843361070974738e-04 1.7296624440529044e+01
2.2923328453667334e+14 7.7001960342532321e-04 1.7424869867045675e+01
2.2968922806046862e+14 9.9081980305905110e-04 1.8465906264476093e+01
2.3064695718075925e+14 8.9695497825750836e-04 1.9788247148228116e+01
2.3160468630104988e+14 1.0409783590192463e-03 1.9984372313461670e+01
2.3256241542134050e+14 1.9859884283983491e-03 2.1151053945914725e+01
2.3352014454163112e+14 2.3976396604709939e-03 2.2707753195136686e+01
2.3447787366192175e+14 1.9580946933830065e-03 2.4181908175986102e+01
2.3543560278221238e+14 8.4599169327583164e-04 2.4923238919818917e+01
2.3639333190250300e+14 1.2456379683134229e-03 2.4957684514671335e+01
2.3735106102279362e+14 1.1592164247548988e-03 2.6183165191319279e+01
2.3830879014308425e+14 1.5816042200199692e-04 2.6508207595648930e+01
("Port 2","mode 1",1,"Port 3",1,"transmission")
(22, 3)
2.2011193685756241e+14 4.1953631893898480e-01 4.6317761436912935e-01
2.2106966597785303e+14 4.0894827970809683e-01 2.5163348133309356e+00
2.2202739509814366e+14 3.9865357679941466e-01 4.5691588737968889e+00
2.2298512421843428e+14 3.8862569078047904e-01 6.6216666457894116e+00
2.2394285333872491e+14 3.7884677015339202e-01 8.6738948159132168e+00
2.2490058245901553e+14 3.6931028908997904e-01 1.0725882533919476e+01
2.2585831157930616e+14 3.6001397996861056e-01 1.2777687082112365e+01
2.2681604069959678e+14 3.5096540317886271e-01 1.4829331292172963e+01
2.2777376981988741e+14 3.4217159373587158e-01 1.6880825070606488e+01
2.2873149894017803e+14 3.3362555292148111e-01 1.8932141305553028e+01
2.2918744246397328e+14 3.2964183937469493e-01 1.9908641421457983e+01
2.2923328453667334e+14 3.2924422334753345e-01 2.0006819857266059e+01
2.2968922806046862e+14 3.2531772501011763e-01 2.0983278714195698e+01
2.3064695718075925e+14 3.1723216916624081e-01 2.3034260841730145e+01
2.3160468630104988e+14 3.0936163490773011e-01 2.5085123317861115e+01
2.3256241542134050e+14 3.0170190699963234e-01 2.7135900887279469e+01
2.3352014454163112e+14 2.9425471412800308e-01 2.9186619790327114e+01
2.3447787366192175e+14 2.8701680332287960e-01 3.1237292951277517e+01
2.3543560278221238e+14 2.7998681105698586e-01 3.3287932527855439e+01
2.3639333190250300e+14 2.7315957827259263e-01 3.5338565200385325e+01
2.3735106102279362e+14 2.6654160946989558e-01 3.7389184127766406e+01
2.3830879014308425e+14 2.6013089462282479e-01 3.9439757731138712e+01
("Port 2","mode 1",1,"Port 4",1,"transmission")
(22, 3)
2.2011193685756241e+14 9.0505622360876570e-01 -1.1084019739395155e+00
2.2106966597785303e+14 9.0997704426767045e-01 9.4410454027373103e-01
2.2202739509814366e+14 9.1456831806425354e-01 2.9963525473229109e+00
2.2298512421843428e+14 9.1883451752495882e-01 5.0483657430482438e+00
2.2394285333872491e+14 9.2278195579574451e-01 7.1001777129385806e+00
2.2490058245901553e+14 9.2643117592081614e-01 9.1518211515481198e+00
2.2585831157930616e+14 9.2980297940577894e-01 1.1203349868746320e+01
2.2681604069959678e+14 9.3294137214337880e-01 1.3254794246057527e+01
2.2777376981988741e+14 9.3590455619478963e-01 1.5306180038676825e+01
2.2873149894017803e+14 9.3873248110961738e-01 1.7357485309591343e+01
2.2918744246397328e+14 9.4004335803586170e-01 1.8334009194086399e+01
2.2923328453667334e+14 9.4017395287063255e-01 1.8432190832676710e+01
2.2968922806046862e+14 9.4146018190600156e-01 1.9408687802330942e+01
2.3064695718075925e+14 9.4408458582782229e-01 2.1459769777045892e+01
2.3160468630104988e+14 9.4660037421130561e-01 2.3510725557939068e+01
2.3256241542134050e+14 9.4899295159835473e-01 2.5561565395713316e+01
2.3352014454163112e+14 9.5126285861270099e-01 2.7612313420306670e+01
2.3447787366192175e+14 9.5340551872053059e-01 2.9662995749750749e+01
2.3543560278221238e+14 9.5543603877938432e-01 3.1713638091133078e+01
2.3639333190250300e+14 9.5735681272049844e-01 3.3764273016936713e+01
2.3735106102279362e+14 9.5920346440362469e-01 3.5814907541637552e+01
2.3830879014308425e+14 9.6099803895812819e-01 3.7865552066338466e+01
("Port 3","mode 1",1,"Port 1",1,"transmission")
(22, 3)
2.2011193685756241e+14 9.0503141921152119e-01 -1.1084651824410476e+00
2.2106966597785303e+14 9.0995342935329648e-01 9.4405754822514387e-01
2.2202739509814366e+14 9.1455238811674655e-01 2.9963128873784295e+00
2.2298512421843428e+14 9.1882114751791366e-01 5.0483418698871940e+00
2.2394285333872491e+14 9.2277289370142535e-01 7.1001580093863144e+00
2.2490058245901553e+14 9.2642636046892757e-01 9.1518140447752359e+00
2.2585831157930616e+14 9.2979926536788715e-01 1.1203342187567209e+01
2.2681604069959678e+14 9.3294345398618561e-01 1.3254792688607717e+01
2.2777376981988741e+14 9.3590317689893354e-01 1.5306176563848839e+01
2.2873149894017803e+14 9.3873496265555134e-01 1.7357482733514612e+01
2.2918744246397328e+14 9.4004323824900515e-01 1.8334008054455744e+01
2.2923328453667334e+14 9.4017348044593763e-01 1.8432189609329015e+01
2.2968922806046862e+14 9.4145737632809268e-01 1.9408683676336135e+01
2.3064695718075925e+14 9.4408499144333380e-01 2.1459763519668165e+01
2.3160468630104988e+14 9.4659377309782977e-01 2.3510718249278870e+01
2.3256241542134050e+14 9.4898779733102123e-01 2.5561549104319148e+01
2.3352014454163112e+14 9.5125174451140626e-01 2.7612294489465210e+01
2.3447787366192175e+14 9.5339108729412536e-01 2.9662961569971383e+01
2.3543560278221238e+14 9.5541702285405494e-01 3.1713596977274968e+01
2.3639333190250300e+14 9.5733083764391913e-01 3.3764215254630741e+01
2.3735106102279362e+14 9.5917172086209868e-01 3.5814842510337115e+01
2.3830879014308425e+14 9.6095424383624084e-01 3.7865471715511212e+01
("Port 3","mode 1",1,"Port 2",1,"transmission")
(22, 3)
2.2011193685756241e+14 4.1951946590734807e-01 4.6311717543899938e-01
2.2106966597785303e+14 4.0893482569967521e-01 2.5162916753635560e+00
2.2202739509814366e+14 3.9864409753555674e-01 4.5691298988462243e+00
2.2298512421843428e+14 3.8861962987295467e-01 6.6216484511775580e+00
2.2394285333872491e+14 3.7884358316209299e-01 8.6738838360227195e+00
2.2490058245901553e+14 3.6930890189358556e-01 1.0725876500309077e+01
2.2585831157930616e+14 3.6001370245045838e-01 1.2777682514250140e+01
2.2681604069959678e+14 3.5096558604001099e-01 1.4829328189519128e+01
2.2777376981988741e+14 3.4217132595260891e-01 1.6880822938522755e+01
2.2873149894017803e+14 3.3362488667779755e-01 1.8932139819601652e+01
2.2918744246397328e+14 3.2964105500342339e-01 1.9908639978826191e+01
2.2923328453667334e+14 3.2924343266286582e-01 2.0006818401320530e+01
2.2968922806046862e+14 3.2531693184302329e-01 2.0983277014032232e+01
2.3064695718075925e+14 3.1723127040397608e-01 2.3034258141637089e+01
2.3160468630104988e+14 3.0936001601252022e-01 2.5085115907854771e+01
2.3256241542134050e+14 3.0169974026080321e-01 2.7135886028431383e+01
2.3352014454163112e+14 2.9425115939825919e-01 2.9186597249648958e+01
2.3447787366192175e+14 2.8701149296058343e-01 3.1237260085432464e+01
2.3543560278221238e+14 2.7997995784698304e-01 3.3287888806256326e+01
2.3639333190250300e+14 2.7315093957942688e-01 3.5338510959058183e+01
2.3735106102279362e+14 2.6653050114019233e-01 3.7389120667435527e+01
2.3830879014308425e+14 2.6011765396579895e-01 3.9439686408985764e+01
("Port 3","mode 1",1,"Port 3",1,"transmission")
(22, 3)
2.2011193685756241e+14 1.1625263453460422e-03 -5.5572274752795470e-01
2.2106966597785303e+14 1.1811651401031316e-03 2.2936297756432884e+00
2.2202739509814366e+14 1.0159045781412933e-03 4.4131599522210943e+00
2.2298512421843428e+14 1.4317937760265013e-03 7.2771131575473884e+00
2.2394285333872491e+14 1.8698809566370196e-03 8.7827631106007793e+00
2.2490058245901553e+14 1.1871696686664766e-03 9.3541408948462070e+00
2.2585831157930616e+14 1.8023632773014006e-03 9.8775669976562472e+00
2.2681604069959678e+14 1.9426273391450297e-03 1.1386829656588176e+01
2.2777376981988741e+14 1.3796208066941061e-03 1.3299325393356815e+01
2.2873149894017803e+14 6.9305172223459264e-04 1.5812921435874095e+01
2.2918744246397328e+14 7.4935631180011271e-04 1.7298505055162320e+01
2.2923328453667334e+14 7.7110379457469920e-04 1.7426539892067535e+01
2.2968922806046862e+14 9.9246792261614594e-04 1.8465678808398636e+01
2.3064695718075925e+14 8.9772809060117606e-04 1.9786672228784731e+01
2.3160468630104988e+14 1.0414805787542824e-03 1.9984389554584048e+01
2.3256241542134050e+14 1.9859010706760761e-03 2.1150964168507731e+01
2.3352014454163112e+14 2.3967541985024125e-03 2.2706937645623384e+01
2.3447787366192175e+14 1.9552802825558431e-03 2.4181306374333875e+01
2.3543560278221238e+14 8.4371654069264398e-04 2.4925276989410687e+01
2.3639333190250300e+14 1.2422933208861944e-03 2.4960886298989053e+01
2.3735106102279362e+14 1.1631217562855086e-03 2.6189027175083968e+01
2.3830879014308425e+14 1.6612058422793048e-04 2.6555842807420444e+01
("Port 3","mode 1",1,"Port 4",1,"transmission")
(22, 3)
2.2011193685756241e+14 7.0840585905209742e-04 1.1232636575166521e+00
2.2106966597785303e+14 7.2627270202017542e-04 3.6459933113951131e+00
2.2202739509814366e+14 6.5314636758963230e-04 6.1443087164404249e+00
2.2298512421843428e+14 5.8930892203227494e-04 8.6861026759308864e+00
2.2394285333872491e+14 5.0530430168362961e-04 1.1181124456388652e+01
2.2490058245901553e+14 3.8139816714288945e-04 1.3798741434592486e+01
2.2585831157930616e+14 3.4818678996500471e-04 1.6698368319386208e+01
2.2681604069959678e+14 4.6760981867263236e-04 1.9370640986901634e+01
2.2777376981988741e+14 5.7302866930292228e-04 2.1690610922516385e+01
2.2873149894017803e+14 5.5640056805476780e-04 2.3872663688144144e+01
2.2918744246397328e+14 4.9855641013256543e-04 2.4896233783652217e+01
2.2923328453667334e+14 4.9105879440300372e-04 2.4999250473219046e+01
2.2968922806046862e+14 4.0183701536528998e-04 2.6031975819489237e+01
2.3064695718075925e+14 1.6644287686309200e-04 2.8466896929156061e+01
2.3160468630104988e+14 1.6449721807385321e-04 2.6078593958514691e+01
2.3256241542134050e+14 3.3960249313413568e-04 2.8486581994451061e+01
2.3352014454163112e+14 4.2020640311348894e-04 3.0650248397864246e+01
2.3447787366192175e+14 4.1419516928518473e-04 3.2838842594173727e+01
2.3543560278221238e+14 3.6465063268188800e-04 3.5033792270185501e+01
2.3639333190250300e+14 2.3841335577103309e-04 3.7183789850751765e+01
2.3735106102279362e+14 6.4687861349526656e-05 3.4092721548788433e+01
2.3830879014308425e+14 2.2355004911820493e-04 3.1164231083362790e+01
("Port 4","mode 1",1,"Port 1",1,"transmission")
(22, 3)
2.2011193685756241e+14 4.1952030219081499e-01 4.6311609088490674e-01
2.2106966597785303e+14 4.0893388988103196e-01 2.5162936008686096e+00
2.2202739509814366e+14 3.9864436286630628e-01 4.5691270209494830e+00
2.2298512421843428e+14 3.8861940537020156e-01 6.6216501958060112e+00
2.2394285333872491e+14 3.7884360689328134e-01 8.6738806703532259e+00
2.2490058245901553e+14 3.6930938365405847e-01 1.0725878565838425e+01
2.2585831157930616e+14 3.6001331393843106e-01 1.2777680619172443e+01
2.2681604069959678e+14 3.5096624417290595e-01 1.4829330085872474e+01
2.2777376981988741e+14 3.4217043680282916e-01 1.6880822175030428e+01
2.2873149894017803e+14 3.3362546829928930e-01 1.8932140150190918e+01
2.2918744246397328e+14 3.2964086550950839e-01 1.9908642101764620e+01
2.2923328453667334e+14 3.2924313546312373e-01 2.0006820489176270e+01
2.2968922806046862e+14 3.2531597477169721e-01 2.0983276715273838e+01
2.3064695718075925e+14 3.1723198467481090e-01 2.3034256610942332e+01
2.3160468630104988e+14 3.0935953383168707e-01 2.5085117010513123e+01
2.3256241542134050e+14 3.0170032582189854e-01 2.7135884280773293e+01
2.3352014454163112e+14 2.9425090950792310e-01 2.9186599958898064e+01
2.3447787366192175e+14 2.8701149379714463e-01 3.1237258110615862e+01
2.3543560278221238e+14 2.7997986829125371e-01 3.3287891368537863e+01
2.3639333190250300e+14 2.7315050861697948e-01 3.5338508293010015e+01
2.3735106102279362e+14 2.6653089667150626e-01 3.7389121929577577e+01
2.3830879014308425e+14 2.6011725633686145e-01 3.9439684476016140e+01
("Port 4","mode 1",1,"Port 2",1,"transmission")
(22, 3)
2.2011193685756241e+14 9.0502917939521454e-01 -1.1084635559250202e+00
2.2106966597785303e+14 9.0995477720263718e-01 9.4405561029433005e-01
2.2202739509814366e+14 9.1455116712749995e-01 2.9963151584903924e+00
2.2298512421843428e+14 9.1882152810133166e-01 5.0483392406159933e+00
2.2394285333872491e+14 9.2277319740234698e-01 7.1001605033586390e+00
2.2490058245901553e+14 9.2642575629287571e-01 9.1518118875734658e+00
2.2585831157930616e+14 9.2980069504500040e-01 1.1203344586885633e+01
2.2681604069959678e+14 9.3294164014006686e-01 1.3254791549063736e+01
2.2777376981988741e+14 9.3590504650309303e-01 1.5306177852791635e+01
2.2873149894017803e+14 9.3873257321333670e-01 1.7357482376470582e+01
2.2918744246397328e+14 9.4004308951155024e-01 1.8334005632134222e+01
2.2923328453667334e+14 9.4017365181787715e-01 1.8432187196802335e+01
2.2968922806046862e+14 9.4145963321533321e-01 1.9408683434896780e+01
2.3064695718075925e+14 9.4408286876140612e-01 2.1459764359731736e+01
2.3160468630104988e+14 9.4659570431538231e-01 2.3510716755907524e+01
2.3256241542134050e+14 9.4898649860360274e-01 2.5561551005215897e+01
2.3352014454163112e+14 9.5125275415663291e-01 2.7612292351490680e+01
2.3447787366192175e+14 9.5339074205586127e-01 2.9662964114630658e+01
2.3543560278221238e+14 9.5541661516084009e-01 3.1713594547669224e+01
2.3639333190250300e+14 9.5733172430075031e-01 3.3764217465763977e+01
2.3735106102279362e+14 9.5917022657533568e-01 3.5814840461626432e+01
2.3830879014308425e+14 9.6095635112455946e-01 3.7865473042975559e+01
("Port 4","mode 1",1,"Port 3",1,"transmission")
(22, 3)
2.2011193685756241e+14 7.0842869709647764e-04 1.1232419553780195e+00
2.2106966597785303e+14 7.2628245539203026e-04 3.6459634764179030e+00
2.2202739509814366e+14 6.5315192371310420e-04 6.1442876537231168e+00
2.2298512421843428e+14 5.8931846026527503e-04 8.6860819984503816e+00
2.2394285333872491e+14 5.0531180330614018e-04 1.1181103336304433e+01
2.2490058245901553e+14 3.8140904294494028e-04 1.3798738918217213e+01
2.2585831157930616e+14 3.4821000896362661e-04 1.6698346040738819e+01
2.2681604069959678e+14 4.6763692725624418e-04 1.9370599296283086e+01
2.2777376981988741e+14 5.7306162500930118e-04 2.1690573257154028e+01
2.2873149894017803e+14 5.5643531068004114e-04 2.3872635979404340e+01
2.2918744246397328e+14 4.9859053822632834e-04 2.4896215400626311e+01
2.2923328453667334e+14 4.9109285207790080e-04 2.4999233211637367e+01
2.2968922806046862e+14 4.0187042588985802e-04 2.6031971186575674e+01
2.3064695718075925e+14 1.6647426613445435e-04 2.8466897703670035e+01
2.3160468630104988e+14 1.6450338757276504e-04 2.6078442614739966e+01
2.3256241542134050e+14 3.3961266150704347e-04 2.8486508595446374e+01
2.3352014454163112e+14 4.2021327899767361e-04 3.0650196861610802e+01
2.3447787366192175e+14 4.1419679363181421e-04 3.2838821930300597e+01
2.3543560278221238e+14 3.6465296883679110e-04 3.5033789971687469e+01
2.3639333190250300e+14 2.3841085866711871e-04 3.7183793859134681e+01
2.3735106102279362e+14 6.4692360083269513e-05 3.4092842370647482e+01
2.3830879014308425e+14 2.2355407660125287e-04 3.1164192716639146e+01
("Port 4","mode 1",1,"Port 4",1,"transmission")
(22, 3)
2.2011193685756241e+14 1.1625339603361696e-03 -5.5571411806010118e-01
2.2106966597785303e+14 1.1811471745295983e-03 2.2936457083043540e+00
2.2202739509814366e+14 1.0159497218396763e-03 4.4132260280020965e+00
2.2298512421843428e+14 1.4318450570313529e-03 7.2770806333542959e+00
2.2394285333872491e+14 1.8698591537429615e-03 8.7827680586357033e+00
2.2490058245901553e+14 1.1870837256596697e-03 9.3541332468407337e+00
2.2585831157930616e+14 1.8023448278715844e-03 9.8775370291371427e+00
2.2681604069959678e+14 1.9426641876249928e-03 1.1386818091634035e+01
2.2777376981988741e+14 1.3796411068206576e-03 1.3299295662655480e+01
2.2873149894017803e+14 6.9301041460702946e-04 1.5812946791462336e+01
2.2918744246397328e+14 7.4935560552402388e-04 1.7298572274942902e+01
2.2923328453667334e+14 7.7110729239529931e-04 1.7426604724877926e+01
2.2968922806046862e+14 9.9248926994665622e-04 1.8465708281590498e+01
2.3064695718075925e+14 8.9770326358281770e-04 1.9786624781043557e+01
2.3160468630104988e+14 1.0415435442399947e-03 1.9984289245433654e+01
2.3256241542134050e+14 1.9859558584727549e-03 2.1150928539588701e+01
2.3352014454163112e+14 2.3967325407307518e-03 2.2706940887265915e+01
2.3447787366192175e+14 1.9552392576231681e-03 2.4181347708601340e+01
2.3543560278221238e+14 8.4367852406098585e-04 2.4925386272673880e+01
2.3639333190250300e+14 1.2421552804743094e-03 2.4960963037375588e+01
2.3735106102279362e+14 1.1629453608038101e-03 2.6189147444499284e+01
2.3830879014308425e+14 1.6595224543057251e-04 2.6555569227527620e+01
