["port 1","LEFT"]
["port 2","LEFT"]
["port 3","RIGHT"]
["port 4","RIGHT"]
("port 1","mode 1",1,"port 1",1,"transmission")
(22, 3)
2.2011193685756241e+14 3.9150855031880889e-03 -1.8802551156141836e+00
2.2106966597785303e+14 3.6428207153269086e-03 -1.8967993372130252e+00
2.2202739509814366e+14 3.1695264829029869e-03 -1.2140477249929509e+00
2.2298512421843428e+14 1.6704833502578268e-03 -4.6683160492003002e-02
2.2394285333872491e+14 1.4181083534406673e-03 2.2296805026768016e+00
2.2490058245901553e+14 1.8577459569959532e-03 3.4130729840398768e+00
2.2585831157930616e+14 9.6786389217807947e-04 4.1887823358886251e+00
2.2681604069959678e+14 4.9519314563657507e-04 2.6483734397489109e+00
2.2777376981988741e+14 1.1741490693074842e-03 3.1226342078803535e+00
2.2873149894017803e+14 1.0089272466421622e-03 3.6898226033566424e+00
2.2918744246397331e+14 1.7683809677193929e-03 8.7038717383992348e-01
2.2923328453667338e+14 1.8504344483771240e-03 1.0684436000485009e+00
2.2968922806046866e+14 7.3295765566083314e-04 3.3804492162480351e+00
2.3064695718075928e+14 1.1780518336000040e-03 3.1880818319602677e+00
2.3160468630104991e+14 1.3072167257752250e-03 3.6229300613807984e+00
2.3256241542134053e+14 1.2926060673494194e-03 3.9064032888915672e+00
2.3352014454163116e+14 1.8094713977149914e-03 3.8445751074764001e+00
2.3447787366192178e+14 2.2131079703672082e-03 4.0647758705583605e+00
2.3543560278221241e+14 2.1200347051196738e-03 4.5764321582595517e+00
2.3639333190250303e+14 2.1624669174727801e-03 4.9983201768544490e+00
2.3735106102279366e+14 2.0538283618755388e-03 4.7031434518991260e+00
2.3830879014308428e+14 3.0171455538653661e-03 4.3182880694110981e+00
("port 1","mode 1",1,"port 2",1,"transmission")
(22, 3)
2.2011193685756241e+14 5.5963706914041221e-03 -2.0547377593993068e+00
2.2106966597785303e+14 6.4225179271402231e-03 -1.9783082688055151e+00
2.2202739509814366e+14 5.1364486625906890e-03 -1.6379118296263810e+00
2.2298512421843428e+14 3.1719429447465823e-03 -1.9229109288270239e+00
2.2394285333872491e+14 4.6329112911194558e-03 -1.9818408616480123e+00
2.2490058245901553e+14 4.2929595178013823e-03 -1.4526218693713315e+00
2.2585831157930616e+14 2.0895644095824013e-03 -1.2306096446807997e+00
2.2681604069959678e+14 2.0753171391496086e-03 -1.7969983013149140e+00
2.2777376981988741e+14 2.5876281645008112e-03 -1.3352135189076004e+00
2.2873149894017803e+14 1.6166477207299689e-03 -6.0882433242898337e-01
2.2918744246397331e+14 3.2026101540962661e-04 -1.9963330401822654e+00
2.2923328453667338e+14 4.2371558985656189e-04 -1.4879518162750109e+00
2.2968922806046866e+14 1.0475924480894393e-04 -3.2354588687082275e-01
2.3064695718075928e+14 6.0066332264075025e-04 -1.9587249566958831e+00
2.3160468630104991e+14 5.5969881796668209e-04 -4.9445892533473555e-02
2.3256241542134053e+14 1.4913304426743025e-03 1.4457313054456795e+00
2.3352014454163116e+14 2.5998565495581965e-03 2.3598124556949776e+00
2.3447787366192178e+14 3.1143408119225220e-03 2.9616292898067891e+00
2.3543560278221241e+14 2.7594789164209492e-03 2.9308544049544256e+00
2.3639333190250303e+14 4.5447054605609926e-03 2.8070363195966253e+00
2.3735106102279366e+14 7.1425622444170316e-03 3.2824217100628923e+00
2.3830879014308428e+14 8.2951962459918288e-03 3.7254747447256662e+00
("port 1","mode 1",1,"port 3",1,"transmission")
(22, 3)
2.2011193685756241e+14 6.5814953882167437e-01 -1.1212929462604246e+00
2.2106966597785303e+14 6.6583235680265485e-01 -3.2568291903796891e+00
2.2202739509814366e+14 6.7216601081953298e-01 -5.3906280927949410e+00
2.2298512421843428e+14 6.7787648309317816e-01 -7.5218476458965888e+00
2.2394285333872491e+14 6.8361490208717324e-01 -9.6515722693915293e+00
2.2490058245901553e+14 6.8903993092575799e-01 -1.1780220859230390e+01
2.2585831157930616e+14 6.9421919714686509e-01 -1.3905934225284874e+01
2.2681604069959678e+14 6.9938442943398660e-01 -1.6028103371946106e+01
2.2777376981988741e+14 7.0410461517058553e-01 -1.8147516911350259e+01
2.2873149894017803e+14 7.0816456657688742e-01 -2.0264105536216046e+01
2.2918744246397331e+14 7.0945177015679950e-01 -1.8280149752817902e+01
2.2923328453667338e+14 7.0966205530875992e-01 -1.8080661057017291e+01
2.2968922806046866e+14 7.1171440990546542e-01 -1.6094993151671428e+01
2.3064695718075928e+14 7.1423634475981612e-01 -1.8206606354864977e+01
2.3160468630104991e+14 7.1563261679338641e-01 -2.0314627944583673e+01
2.3256241542134053e+14 7.1711649914769959e-01 -2.2419691418698665e+01
2.3352014454163116e+14 7.1834639289291102e-01 -2.4524045392526471e+01
2.3447787366192178e+14 7.1766267453806210e-01 -2.6626492596194730e+01
2.3543560278221241e+14 7.1630385131992991e-01 -2.8723868280585712e+01
2.3639333190250303e+14 7.1652843482653839e-01 -3.0818316862621366e+01
2.3735106102279366e+14 7.1611141181816751e-01 -3.2913809628715185e+01
2.3830879014308428e+14 7.1206135618219291e-01 -3.5006697608039715e+01
("port 1","mode 1",1,"port 4",1,"transmission")
(22, 3)
2.2011193685756241e+14 6.8671108400050951e-01 5.0596553145674683e-01
2.2106966597785303e+14 6.8768665208728119e-01 -1.6403723704614113e+00
2.2202739509814366e+14 6.8905322484922060e-01 -3.7810140986601763e+00
2.2298512421843428e+14 6.9131421479831479e-01 -5.9191128260551542e+00
2.2394285333872491e+14 6.9275718243123030e-01 -8.0552476273296474e+00
2.2490058245901553e+14 6.9344662099933352e-01 -1.0187904944716099e+01
2.2585831157930616e+14 6.9417396087359629e-01 -1.2317247921842565e+01
2.2681604069959678e+14 6.9469988226224555e-01 -1.4443560418169621e+01
2.2777376981988741e+14 6.9461516658635869e-01 -1.6566630038315346e+01
2.2873149894017803e+14 6.9424630043435909e-01 -1.8686696236572349e+01
2.2918744246397331e+14 6.9371895759084179e-01 -1.6702969779047905e+01
2.2923328453667338e+14 6.9364058514129512e-01 -1.6503595721547818e+01
2.2968922806046866e+14 6.9352372308621668e-01 -1.4520168068570626e+01
2.3064695718075928e+14 6.9251777395986991e-01 -1.6633045178918870e+01
2.3160468630104991e+14 6.9159065746931492e-01 -1.8742646411547241e+01
2.3256241542134053e+14 6.9002069770166041e-01 -2.0849481848027910e+01
2.3352014454163116e+14 6.8752672864222608e-01 -2.2952545101315447e+01
2.3447787366192178e+14 6.8497710386573096e-01 -2.5051768524060698e+01
2.3543560278221241e+14 6.8220589810541010e-01 -2.7149307132854169e+01
2.3639333190250303e+14 6.7759441438933798e-01 -2.9244540947311993e+01
2.3735106102279366e+14 6.7170898382596333e-01 -3.1334568213001319e+01
2.3830879014308428e+14 6.6742443909707905e-01 -3.3420258512394149e+01
("port 2","mode 1",1,"port 1",1,"transmission")
(22, 3)
2.2011193685756241e+14 5.5962177966825894e-03 -2.0547052614512649e+00
2.2106966597785303e+14 6.4223721953582582e-03 -1.9782788500552926e+00
2.2202739509814366e+14 5.1364181946008947e-03 -1.6378877316482854e+00
2.2298512421843428e+14 3.1719170074730654e-03 -1.9229045284904389e+00
2.2394285333872491e+14 4.6329120532823129e-03 -1.9818520740369432e+00
2.2490058245901553e+14 4.2929863364453294e-03 -1.4526373644642356e+00
2.2585831157930616e+14 2.0897154414268281e-03 -1.2306386493850363e+00
2.2681604069959678e+14 2.0754084070610870e-03 -1.7969532597969962e+00
2.2777376981988741e+14 2.5877284007423933e-03 -1.3352130437351650e+00
2.2873149894017803e+14 1.6167616113506988e-03 -6.0888448755834690e-01
2.2918744246397331e+14 3.2016662769375357e-04 -1.9966841936599793e+00
2.2923328453667338e+14 4.2360211051910908e-04 -1.4881649589660888e+00
2.2968922806046866e+14 1.0484942478764001e-04 -3.2428046447308839e-01
2.3064695718075928e+14 6.0068180225116051e-04 -1.9585805610907119e+00
2.3160468630104991e+14 5.5977200892403116e-04 -4.9452193122374560e-02
2.3256241542134053e+14 1.4913245372114722e-03 1.4456953244929780e+00
2.3352014454163116e+14 2.5998539584856789e-03 2.3598048024036111e+00
2.3447787366192178e+14 3.1143695603153632e-03 2.9616050019327469e+00
2.3543560278221241e+14 2.7594622029831323e-03 2.9308061317222487e+00
2.3639333190250303e+14 4.5447311776583722e-03 2.8070137340683323e+00
2.3735106102279366e+14 7.1425852606453802e-03 3.2824027187019018e+00
2.3830879014308428e+14 8.2952735487414660e-03 3.7254476090587705e+00
("port 2","mode 1",1,"port 2",1,"transmission")
(22, 3)
2.2011193685756241e+14 3.9152000729732288e-03 -1.8802279406998572e+00
2.2106966597785303e+14 3.6428092160586344e-03 -1.8967926055371556e+00
2.2202739509814366e+14 3.1694903847808821e-03 -1.2140707696599651e+00
2.2298512421843428e+14 1.6703041797538822e-03 -4.6726970000628261e-02
2.2394285333872491e+14 1.4181265737760556e-03 2.2298419937384493e+00
2.2490058245901553e+14 1.8579021601015566e-03 3.4131667418641154e+00
2.2585831157930616e+14 9.6803267083126908e-04 4.1887515451370927e+00
2.2681604069959678e+14 4.9516352835838554e-04 2.6487002611448736e+00
2.2777376981988741e+14 1.1741361477667228e-03 3.1228441050460205e+00
2.2873149894017803e+14 1.0089809781021145e-03 3.6900864923112366e+00
2.2918744246397331e+14 1.7685070123592765e-03 8.7051817772768925e-01
2.2923328453667338e+14 1.8505129308080484e-03 1.0685766093829019e+00
2.2968922806046866e+14 7.3267105819161760e-04 3.3805922647514479e+00
2.3064695718075928e+14 1.1777289519370770e-03 3.1880820272273955e+00
2.3160468630104991e+14 1.3069605337044086e-03 3.6229097405853912e+00
2.3256241542134053e+14 1.2921587920290620e-03 3.9064551383523645e+00
2.3352014454163116e+14 1.8091939995621544e-03 3.8444963270092836e+00
2.3447787366192178e+14 2.2126335609062710e-03 4.0647160549910053e+00
2.3543560278221241e+14 2.1194222765553235e-03 4.5764664358791194e+00
2.3639333190250303e+14 2.1619371689696977e-03 4.9984799237837159e+00
2.3735106102279366e+14 2.0531350461917880e-03 4.7031024611953516e+00
2.3830879014308428e+14 3.0166134491287399e-03 4.3181192744913579e+00
("port 2","mode 1",1,"port 3",1,"transmission")
(22, 3)
2.2011193685756241e+14 6.8671098789891294e-01 5.0596689996899946e-01
2.2106966597785303e+14 6.8768655322239747e-01 -1.6403707012381374e+00
2.2202739509814366e+14 6.8905314558936992e-01 -3.7810124343610978e+00
2.2298512421843428e+14 6.9131417680116380e-01 -5.9191111092452209e+00
2.2394285333872491e+14 6.9275718805209363e-01 -8.0552457367022612e+00
2.2490058245901553e+14 6.9344653728967931e-01 -1.0187903106587145e+01
2.2585831157930616e+14 6.9417394861514603e-01 -1.2317246218802637e+01
2.2681604069959678e+14 6.9469989465468807e-01 -1.4443558739814312e+01
2.2777376981988741e+14 6.9461507043265303e-01 -1.6566628695225941e+01
2.2873149894017803e+14 6.9424610751232285e-01 -1.8686695129412531e+01
2.2918744246397331e+14 6.9371882590029632e-01 -1.6702968844393119e+01
2.2923328453667338e+14 6.9364046965297221e-01 -1.6503594774966508e+01
2.2968922806046866e+14 6.9352349615997888e-01 -1.4520167046362923e+01
2.3064695718075928e+14 6.9251750502683607e-01 -1.6633044487326956e+01
2.3160468630104991e+14 6.9159032158306788e-01 -1.8742646002562843e+01
2.3256241542134053e+14 6.9002028863689557e-01 -2.0849481651219101e+01
2.3352014454163116e+14 6.8752630684690841e-01 -2.2952544894555519e+01
2.3447787366192178e+14 6.8497667700394160e-01 -2.5051768633969569e+01
2.3543560278221241e+14 6.8220541475965912e-01 -2.7149307300398767e+01
2.3639333190250303e+14 6.7759384181589077e-01 -2.9244541365587519e+01
2.3735106102279366e+14 6.7170836904144471e-01 -3.1334568971476724e+01
2.3830879014308428e+14 6.6742379675721963e-01 -3.3420259320124856e+01
("port 2","mode 1",1,"port 4",1,"transmission")
(22, 3)
2.2011193685756241e+14 6.5814875655582428e-01 -1.1212930122690092e+00
2.2106966597785303e+14 6.6583145455765447e-01 -3.2568292410902382e+00
2.2202739509814366e+14 6.7216486708962986e-01 -5.3906281364651516e+00
2.2298512421843428e+14 6.7787510242522253e-01 -7.5218479073010931e+00
2.2394285333872491e+14 6.8361353171677175e-01 -9.6515723842926722e+00
2.2490058245901553e+14 6.8903859808959089e-01 -1.1780220864525909e+01
2.2585831157930616e+14 6.9421797795250895e-01 -1.3905934432071884e+01
2.2681604069959678e+14 6.9938342460400260e-01 -1.6028103689600485e+01
2.2777376981988741e+14 7.0410377397974666e-01 -1.8147517178583360e+01
2.2873149894017803e+14 7.0816377145715514e-01 -2.0264106091881843e+01
2.2918744246397331e+14 7.0945127748588299e-01 -1.8280150327666512e+01
2.2923328453667338e+14 7.0966157565590382e-01 -1.8080661623004278e+01
2.2968922806046866e+14 7.1171405008910238e-01 -1.6094993633308462e+01
2.3064695718075928e+14 7.1423612423182270e-01 -1.8206606870621023e+01
2.3160468630104991e+14 7.1563269745906100e-01 -2.0314628692711167e+01
2.3256241542134053e+14 7.1711675746764980e-01 -2.2419692229831444e+01
2.3352014454163116e+14 7.1834672612946859e-01 -2.4524046369073989e+01
2.3447787366192178e+14 7.1766320642688031e-01 -2.6626493526895601e+01
2.3543560278221241e+14 7.1630470937566737e-01 -2.8723869347036793e+01
2.3639333190250303e+14 7.1652946239971671e-01 -3.0818318207261253e+01
2.3735106102279366e+14 7.1611247375531706e-01 -3.2913810946622675e+01
2.3830879014308428e+14 7.1206253673287201e-01 -3.5006698819922704e+01
("port 3","mode 1",1,"port 1",1,"transmission")
(22, 3)
2.2011193685756241e+14 6.5814811362967252e-01 -1.1214028595042480e+00
2.2106966597785303e+14 6.6583051754457567e-01 -3.2569236057858046e+00
2.2202739509814366e+14 6.7216432293398642e-01 -5.3907091197583048e+00
2.2298512421843428e+14 6.7787466103759719e-01 -7.5219105537880289e+00
2.2394285333872491e+14 6.8361169932075694e-01 -9.6516201903676322e+00
2.2490058245901553e+14 6.8903973583801292e-01 -1.1780256535625229e+01
2.2585831157930616e+14 6.9421915861770633e-01 -1.3905958327966628e+01
2.2681604069959678e+14 6.9938378816310331e-01 -1.6028124207659495e+01
2.2777376981988741e+14 7.0410548380864901e-01 -1.8147528134195813e+01
2.2873149894017803e+14 7.0816413795184208e-01 -2.0264105663601583e+01
2.2918744246397331e+14 7.0945264689780130e-01 -1.8280152737874960e+01
2.2923328453667338e+14 7.0966301164734069e-01 -1.8080663860321341e+01
2.2968922806046866e+14 7.1171463229361986e-01 -1.6094992168082644e+01
2.3064695718075928e+14 7.1423848474983231e-01 -1.8206606481914072e+01
2.3160468630104991e+14 7.1562709917684730e-01 -2.0314634325937838e+01
2.3256241542134053e+14 7.1710737309293116e-01 -2.2419707626615981e+01
2.3352014454163116e+14 7.1833371269482416e-01 -2.4524063978976141e+01
2.3447787366192178e+14 7.1764694820675989e-01 -2.6626528222943250e+01
2.3543560278221241e+14 7.1628474973876410e-01 -2.8723922096579695e+01
2.3639333190250303e+14 7.1649752483879203e-01 -3.0818389991853493e+01
2.3735106102279366e+14 7.1607735935077987e-01 -3.2913897961630951e+01
2.3830879014308428e+14 7.1202369251576847e-01 -3.5006803887944756e+01
("port 3","mode 1",1,"port 2",1,"transmission")
(22, 3)
2.2011193685756241e+14 6.8662296872349993e-01 5.0588967268447727e-01
2.2106966597785303e+14 6.8760831047049031e-01 -1.6404308200733333e+00
2.2202739509814366e+14 6.8898609565444857e-01 -3.7810607407751373e+00
2.2298512421843428e+14 6.9125947350269368e-01 -5.9191463085216842e+00
2.2394285333872491e+14 6.9271325978595510e-01 -8.0552706094298347e+00
2.2490058245901553e+14 6.9341342067677181e-01 -1.0187922586330771e+01
2.2585831157930616e+14 6.9415154989910688e-01 -1.2317261429559142e+01
2.2681604069959678e+14 6.9468561697539488e-01 -1.4443567321891043e+01
2.2777376981988741e+14 6.9460728268577665e-01 -1.6566634719025988e+01
2.2873149894017803e+14 6.9424516964786553e-01 -1.8686697460774347e+01
2.2918744246397331e+14 6.9371899993437391e-01 -1.6702970926467639e+01
2.2923328453667338e+14 6.9364064435436223e-01 -1.6503596961844448e+01
2.2968922806046866e+14 6.9352466480471742e-01 -1.4520167310118721e+01
2.3064695718075928e+14 6.9251883978746298e-01 -1.6633046282003530e+01
2.3160468630104991e+14 6.9159016208106983e-01 -1.8742647875595601e+01
2.3256241542134053e+14 6.9001658957433543e-01 -2.0849486880283951e+01
2.3352014454163116e+14 6.8752189790766272e-01 -2.2952555399645238e+01
2.3447787366192178e+14 6.8496623356427977e-01 -2.5051782075694629e+01
2.3543560278221241e+14 6.8218831917847367e-01 -2.7149328611378220e+01
2.3639333190250303e+14 6.7757012169166120e-01 -2.9244565393846031e+01
2.3735106102279366e+14 6.7167471819530056e-01 -3.1334603859694251e+01
2.3830879014308428e+14 6.6737863487191718e-01 -3.3420304382621907e+01
("port 3","mode 1",1,"port 3",1,"transmission")
(22, 3)
2.2011193685756241e+14 3.9039244082230856e-03 -1.8816720424207871e+00
2.2106966597785303e+14 3.6353597656606880e-03 -1.8982929223741167e+00
2.2202739509814366e+14 3.1644949537116313e-03 -1.2141352804386389e+00
2.2298512421843428e+14 1.6698026031554424e-03 -4.4171055480205744e-02
2.2394285333872491e+14 1.4203634048127020e-03 2.2289493876183366e+00
2.2490058245901553e+14 1.8576847634348935e-03 3.4123308002863482e+00
2.2585831157930616e+14 9.6778475541219088e-04 4.1883261963013556e+00
2.2681604069959678e+14 4.9544321481329306e-04 2.6503608420657412e+00
2.2777376981988741e+14 1.1748427369287237e-03 3.1234628973356657e+00
2.2873149894017803e+14 1.0107392491235765e-03 3.6912658196392760e+00
2.2918744246397331e+14 1.7664470287598964e-03 8.6978012339482569e-01
2.2923328453667338e+14 1.8484348351553532e-03 1.0681514890254091e+00
2.2968922806046866e+14 7.3443220522715301e-04 3.3831871080179603e+00
2.3064695718075928e+14 1.1788270116821961e-03 3.1900961887642754e+00
2.3160468630104991e+14 1.3091748689462285e-03 3.6244867985357847e+00
2.3256241542134053e+14 1.2945283507914710e-03 3.9072507942134420e+00
2.3352014454163116e+14 1.8103507325459313e-03 3.8452010401519710e+00
2.3447787366192178e+14 2.2118331932155090e-03 4.0648840863470337e+00
2.3543560278221241e+14 2.1151863283516759e-03 4.5757144850436005e+00
2.3639333190250303e+14 2.1537607248975771e-03 4.9977733281882335e+00
2.3735106102279366e+14 2.0446174838862630e-03 4.7000804559454323e+00
2.3830879014308428e+14 3.0112928759537961e-03 4.3144919136457620e+00
("port 3","mode 1",1,"port 4",1,"transmission")
(22, 3)
2.2011193685756241e+14 5.5945569060946703e-03 -2.0540494647091982e+00
2.2106966597785303e+14 6.4199238337494784e-03 -1.9777428916173068e+00
2.2202739509814366e+14 5.1338552058589467e-03 -1.6370531084170088e+00
2.2298512421843428e+14 3.1666111596461957e-03 -1.9221917919573415e+00
2.2394285333872491e+14 4.6279616848152252e-03 -1.9822670806119171e+00
2.2490058245901553e+14 4.2894332994595063e-03 -1.4529370646533100e+00
2.2585831157930616e+14 2.0874782340298118e-03 -1.2313413078582851e+00
2.2681604069959678e+14 2.0749348623603828e-03 -1.7978633268022772e+00
2.2777376981988741e+14 2.5875959741012188e-03 -1.3356702794495123e+00
2.2873149894017803e+14 1.6162992076981537e-03 -6.0911778815546880e-01
2.2918744246397331e+14 3.2025292335911186e-04 -1.9958402419836607e+00
2.2923328453667338e+14 4.2375737302650945e-04 -1.4877858652655482e+00
2.2968922806046866e+14 1.0506441704441495e-04 -3.2125929542258241e-01
2.3064695718075928e+14 6.0009254227332150e-04 -1.9582458223783274e+00
2.3160468630104991e+14 5.6008505410805830e-04 -4.6576736453320555e-02
2.3256241542134053e+14 1.4937388523421820e-03 1.4458349616177815e+00
2.3352014454163116e+14 2.6023193921850822e-03 2.3592182319746624e+00
2.3447787366192178e+14 3.1164385179891950e-03 2.9604785892946355e+00
2.3543560278221241e+14 2.7625929698059919e-03 2.9293940743719826e+00
2.3639333190250303e+14 4.5502536477143533e-03 2.8062663841044593e+00
2.3735106102279366e+14 7.1483239221408557e-03 3.2816271918923254e+00
2.3830879014308428e+14 8.3004299744504316e-03 3.7247644896867089e+00
("port 4","mode 1",1,"port 1",1,"transmission")
(22, 3)
2.2011193685756241e+14 6.8662282285708809e-01 5.0589104365699489e-01
2.2106966597785303e+14 6.8760822801048505e-01 -1.6404291214550852e+00
2.2202739509814366e+14 6.8898596963495451e-01 -3.7810590175518604e+00
2.2298512421843428e+14 6.9125943228117959e-01 -5.9191445307849726e+00
2.2394285333872491e+14 6.9271326782670117e-01 -8.0552687140400199e+00
2.2490058245901553e+14 6.9341333747919887e-01 -1.0187920867376519e+01
2.2585831157930616e+14 6.9415150295946093e-01 -1.2317259735914874e+01
2.2681604069959678e+14 6.9468562993823668e-01 -1.4443565704772018e+01
2.2777376981988741e+14 6.9460723180792217e-01 -1.6566633354408037e+01
2.2873149894017803e+14 6.9424511701444602e-01 -1.8686696424433610e+01
2.2918744246397331e+14 6.9371896333491945e-01 -1.6702969897539099e+01
2.2923328453667338e+14 6.9364060172756192e-01 -1.6503595929731546e+01
2.2968922806046866e+14 6.9352453724746521e-01 -1.4520166318963307e+01
2.3064695718075928e+14 6.9251859741362765e-01 -1.6633045430982403e+01
2.3160468630104991e+14 6.9158987513334769e-01 -1.8742647350535137e+01
2.3256241542134053e+14 6.9001622216637859e-01 -2.0849486565104829e+01
2.3352014454163116e+14 6.8752141662098887e-01 -2.2952555347500159e+01
2.3447787366192178e+14 6.8496583171089176e-01 -2.5051782212820683e+01
2.3543560278221241e+14 6.8218791946164858e-01 -2.7149328867773995e+01
2.3639333190250303e+14 6.7756961602645549e-01 -2.9244565960591643e+01
2.3735106102279366e+14 6.7167421540482541e-01 -3.1334604598036378e+01
2.3830879014308428e+14 6.6737804040103443e-01 -3.3420305240013654e+01
("port 4","mode 1",1,"port 2",1,"transmission")
(22, 3)
2.2011193685756241e+14 6.5814722695433847e-01 -1.1214030483608597e+00
2.2106966597785303e+14 6.6582955032928182e-01 -3.2569237240207047e+00
2.2202739509814366e+14 6.7216318450812662e-01 -5.3907092493362896e+00
2.2298512421843428e+14 6.7787338572396116e-01 -7.5219108292865471e+00
2.2394285333872491e+14 6.8361039562462855e-01 -9.6516203975433115e+00
2.2490058245901553e+14 6.8903841049409509e-01 -1.1780256725422101e+01
2.2585831157930616e+14 6.9421795814722831e-01 -1.3905958767320909e+01
2.2681604069959678e+14 6.9938278930839093e-01 -1.6028124440718010e+01
2.2777376981988741e+14 7.0410465145054335e-01 -1.8147528368178076e+01
2.2873149894017803e+14 7.0816352231040691e-01 -2.0264106271375709e+01
2.2918744246397331e+14 7.0945211206212355e-01 -1.8280153195407102e+01
2.2923328453667338e+14 7.0966248216832484e-01 -1.8080664323467488e+01
2.2968922806046866e+14 7.1171421284829062e-01 -1.6094992742169438e+01
2.3064695718075928e+14 7.1423818914637049e-01 -1.8206607120500394e+01
2.3160468630104991e+14 7.1562722095981235e-01 -2.0314635031561313e+01
2.3256241542134053e+14 7.1710764932993598e-01 -2.2419708471648622e+01
2.3352014454163116e+14 7.1833404748074314e-01 -2.4524064978339030e+01
2.3447787366192178e+14 7.1764754542527198e-01 -2.6626529229769403e+01
2.3543560278221241e+14 7.1628549728406832e-01 -2.8723923158249946e+01
2.3639333190250303e+14 7.1649858645035214e-01 -3.0818391297099744e+01
2.3735106102279366e+14 7.1607845199357001e-01 -3.2913899215713698e+01
2.3830879014308428e+14 7.1202486351429739e-01 -3.5006805218773266e+01
("port 4","mode 1",1,"port 3",1,"transmission")
(22, 3)
2.2011193685756241e+14 5.5943941536213187e-03 -2.0540250644397484e+00
2.2106966597785303e+14 6.4198451363659424e-03 -1.9777276929201231e+00
2.2202739509814366e+14 5.1338427867019688e-03 -1.6370400310945215e+00
2.2298512421843428e+14 3.1665513088560901e-03 -1.9221967629400067e+00
2.2394285333872491e+14 4.6280412616141933e-03 -1.9822696682146412e+00
2.2490058245901553e+14 4.2894650776167430e-03 -1.4529488752581619e+00
2.2585831157930616e+14 2.0876027877127991e-03 -1.2313611426052942e+00
2.2681604069959678e+14 2.0751469609424002e-03 -1.7978332112676945e+00
2.2777376981988741e+14 2.5876811243619800e-03 -1.3356755951298560e+00
2.2873149894017803e+14 1.6164170838681943e-03 -6.0918384535664183e-01
2.2918744246397331e+14 3.2017264730796929e-04 -1.9960841558194171e+00
2.2923328453667338e+14 4.2366920878063324e-04 -1.4879192360860145e+00
2.2968922806046866e+14 1.0513447475138195e-04 -3.2201608585701097e-01
2.3064695718075928e+14 6.0012260547409157e-04 -1.9580805465299125e+00
2.3160468630104991e+14 5.6016753460130157e-04 -4.6576555117584989e-02
2.3256241542134053e+14 1.4937607151375332e-03 1.4457858287033085e+00
2.3352014454163116e+14 2.6023356926417065e-03 2.3591844203251293e+00
2.3447787366192178e+14 3.1164339602561871e-03 2.9604510224480678e+00
2.3543560278221241e+14 2.7625487775546167e-03 2.9293680766054369e+00
2.3639333190250303e+14 4.5502785506639333e-03 2.8062422982672595e+00
2.3735106102279366e+14 7.1482910282377934e-03 3.2816054799279146e+00
2.3830879014308428e+14 8.3004108116246974e-03 3.7247443311258657e+00
("port 4","mode 1",1,"port 4",1,"transmission")
(22, 3)
2.2011193685756241e+14 3.9040281135734457e-03 -1.8816678910992497e+00
2.2106966597785303e+14 3.6353653582579084e-03 -1.8982829730124215e+00
2.2202739509814366e+14 3.1644287934557698e-03 -1.2141507257555999e+00
2.2298512421843428e+14 1.6695339374151624e-03 -4.4154777626520696e-02
2.2394285333872491e+14 1.4203982584876887e-03 2.2291168941955966e+00
2.2490058245901553e+14 1.8578704032238178e-03 3.4124067801269518e+00
2.2585831157930616e+14 9.6797447514561711e-04 4.1883057498790786e+00
2.2681604069959678e+14 4.9549708748636615e-04 2.6505312468217173e+00
2.2777376981988741e+14 1.1748344538515330e-03 3.1237322027523144e+00
2.2873149894017803e+14 1.0108132782091330e-03 3.6915266030284513e+00
2.2918744246397331e+14 1.7664494670845716e-03 8.6996047037463620e-01
2.2923328453667338e+14 1.8484156951018356e-03 1.0683342463491377e+00
2.2968922806046866e+14 7.3428072523287681e-04 3.3835035623514829e+00
2.3064695718075928e+14 1.1785515191178142e-03 3.1901450338960942e+00
2.3160468630104991e+14 1.3088937828200516e-03 3.6244922421425732e+00
2.3256241542134053e+14 1.2942007469320964e-03 3.9073147340676684e+00
2.3352014454163116e+14 1.8099315358095351e-03 3.8451560628451551e+00
2.3447787366192178e+14 2.2114674775589606e-03 4.0648498172921066e+00
2.3543560278221241e+14 2.1145429135966407e-03 4.5757756247833825e+00
2.3639333190250303e+14 2.1532415453214670e-03 4.9979158595909183e+00
2.3735106102279366e+14 2.0439457276601367e-03 4.7000421938932888e+00
2.3830879014308428e+14 3.0108693614488793e-03 4.3143635892618013e+00
